0, 0, Header, 1, 4, 240
1, 0, Start_track
1, 0, Time_signature, 4, 2, 24, 8
1, 0, Key_signature, 0, "major"
1, 0, Tempo, 731707
1, 50880, Tempo, 750000
1, 51120, Tempo, 769230
1, 51360, Tempo, 789473
1, 51588, Tempo, 833333
1, 51840, Tempo, 869565
1, 51960, Tempo, 937500
1, 52080, Tempo, 1000000
1, 52224, Tempo, 1052631
1, 52224, End_track
2, 0, Start_track
2, 0, MIDI_port, 0
2, 0, Title_t, "RH H"
2, 0, Program_c, 0, 6
2, 360, Note_on_c, 0, 68, 64
2, 480, Note_on_c, 0, 68, 0
2, 480, Note_on_c, 0, 70, 64
2, 540, Note_on_c, 0, 70, 0
2, 540, Note_on_c, 0, 68, 64
2, 600, Note_on_c, 0, 68, 0
2, 600, Note_on_c, 0, 66, 64
2, 660, Note_on_c, 0, 66, 0
2, 660, Note_on_c, 0, 68, 64
2, 720, Note_on_c, 0, 68, 0
2, 720, Note_on_c, 0, 77, 64
2, 840, Note_on_c, 0, 77, 0
2, 840, Note_on_c, 0, 73, 64
2, 960, Note_on_c, 0, 73, 0
2, 960, Note_on_c, 0, 68, 64
2, 1080, Note_on_c, 0, 68, 0
2, 1080, Note_on_c, 0, 66, 64
2, 1140, Note_on_c, 0, 66, 0
2, 1140, Note_on_c, 0, 65, 64
2, 1200, Note_on_c, 0, 65, 0
2, 1200, Note_on_c, 0, 66, 64
2, 1320, Note_on_c, 0, 66, 0
2, 1320, Note_on_c, 0, 75, 64
2, 1440, Note_on_c, 0, 75, 0
2, 1440, Note_on_c, 0, 65, 64
2, 1560, Note_on_c, 0, 65, 0
2, 1560, Note_on_c, 0, 73, 64
2, 1680, Note_on_c, 0, 73, 0
2, 1680, Note_on_c, 0, 63, 64
2, 1800, Note_on_c, 0, 63, 0
2, 1800, Note_on_c, 0, 72, 64
2, 1920, Note_on_c, 0, 72, 0
2, 1920, Note_on_c, 0, 61, 64
2, 2040, Note_on_c, 0, 61, 0
2, 2040, Note_on_c, 0, 73, 64
2, 2100, Note_on_c, 0, 73, 0
2, 2100, Note_on_c, 0, 72, 64
2, 2160, Note_on_c, 0, 72, 0
2, 2160, Note_on_c, 0, 73, 64
2, 2220, Note_on_c, 0, 73, 0
2, 2220, Note_on_c, 0, 75, 64
2, 2280, Note_on_c, 0, 75, 0
2, 2280, Note_on_c, 0, 77, 64
2, 2340, Note_on_c, 0, 77, 0
2, 2340, Note_on_c, 0, 78, 64
2, 2400, Note_on_c, 0, 78, 0
2, 2400, Note_on_c, 0, 80, 64
2, 2460, Note_on_c, 0, 80, 0
2, 2460, Note_on_c, 0, 79, 64
2, 2520, Note_on_c, 0, 79, 0
2, 2520, Note_on_c, 0, 77, 64
2, 2580, Note_on_c, 0, 77, 0
2, 2580, Note_on_c, 0, 79, 64
2, 2640, Note_on_c, 0, 79, 0
2, 2640, Note_on_c, 0, 80, 64
2, 2700, Note_on_c, 0, 80, 0
2, 2700, Note_on_c, 0, 78, 64
2, 2760, Note_on_c, 0, 78, 0
2, 2760, Note_on_c, 0, 77, 64
2, 2820, Note_on_c, 0, 77, 0
2, 2820, Note_on_c, 0, 75, 64
2, 2880, Note_on_c, 0, 75, 0
2, 2880, Note_on_c, 0, 77, 64
2, 3180, Note_on_c, 0, 77, 0
2, 3180, Note_on_c, 0, 75, 64
2, 3240, Note_on_c, 0, 75, 0
2, 3240, Note_on_c, 0, 73, 64
2, 3300, Note_on_c, 0, 73, 0
2, 3300, Note_on_c, 0, 77, 64
2, 3360, Note_on_c, 0, 77, 0
2, 3360, Note_on_c, 0, 75, 64
2, 3420, Note_on_c, 0, 75, 0
2, 3420, Note_on_c, 0, 73, 64
2, 3480, Note_on_c, 0, 73, 0
2, 3480, Note_on_c, 0, 72, 64
2, 3540, Note_on_c, 0, 72, 0
2, 3540, Note_on_c, 0, 75, 64
2, 3600, Note_on_c, 0, 75, 0
2, 3600, Note_on_c, 0, 73, 64
2, 3660, Note_on_c, 0, 73, 0
2, 3660, Note_on_c, 0, 72, 64
2, 3720, Note_on_c, 0, 72, 0
2, 3720, Note_on_c, 0, 73, 64
2, 3780, Note_on_c, 0, 73, 0
2, 3780, Note_on_c, 0, 70, 64
2, 3840, Note_on_c, 0, 70, 0
2, 3840, Note_on_c, 0, 70, 64
2, 3870, Note_on_c, 0, 70, 0
2, 3870, Note_on_c, 0, 72, 64
2, 3960, Note_on_c, 0, 75, 64
2, 3990, Note_on_c, 0, 72, 0
2, 4080, Note_on_c, 0, 75, 0
2, 4080, Note_on_c, 0, 78, 64
2, 4560, Note_on_c, 0, 78, 0
2, 4560, Note_on_c, 0, 77, 64
2, 5040, Note_on_c, 0, 77, 0
2, 5040, Note_on_c, 0, 75, 64
2, 5400, Note_on_c, 0, 75, 0
2, 5400, Note_on_c, 0, 73, 64
2, 5520, Note_on_c, 0, 73, 0
2, 5520, Note_on_c, 0, 72, 64
2, 5640, Note_on_c, 0, 72, 0
2, 5640, Note_on_c, 0, 75, 64
2, 5880, Note_on_c, 0, 68, 64
2, 5887, Note_on_c, 0, 75, 0
2, 6000, Note_on_c, 0, 68, 0
2, 6000, Note_on_c, 0, 77, 64
2, 6350, Note_on_c, 0, 77, 0
2, 6360, Note_on_c, 0, 77, 64
2, 6420, Note_on_c, 0, 77, 0
2, 6420, Note_on_c, 0, 73, 64
2, 6480, Note_on_c, 0, 73, 0
2, 6480, Note_on_c, 0, 70, 64
2, 6830, Note_on_c, 0, 70, 0
2, 6840, Note_on_c, 0, 70, 64
2, 6960, Note_on_c, 0, 70, 0
2, 6960, Note_on_c, 0, 75, 64
2, 7300, Note_on_c, 0, 75, 0
2, 7320, Note_on_c, 0, 75, 64
2, 7380, Note_on_c, 0, 75, 0
2, 7380, Note_on_c, 0, 72, 64
2, 7440, Note_on_c, 0, 72, 0
2, 7440, Note_on_c, 0, 68, 64
2, 7790, Note_on_c, 0, 68, 0
2, 7800, Note_on_c, 0, 68, 64
2, 7920, Note_on_c, 0, 68, 0
2, 7920, Note_on_c, 0, 73, 64
2, 8220, Note_on_c, 0, 73, 0
2, 8220, Note_on_c, 0, 72, 64
2, 8280, Note_on_c, 0, 72, 0
2, 8280, Note_on_c, 0, 73, 64
2, 8340, Note_on_c, 0, 73, 0
2, 8340, Note_on_c, 0, 70, 64
2, 8400, Note_on_c, 0, 70, 0
2, 8400, Note_on_c, 0, 82, 64
2, 8700, Note_on_c, 0, 82, 0
2, 8700, Note_on_c, 0, 80, 64
2, 8760, Note_on_c, 0, 80, 0
2, 8760, Note_on_c, 0, 79, 64
2, 8820, Note_on_c, 0, 79, 0
2, 8820, Note_on_c, 0, 82, 64
2, 8880, Note_on_c, 0, 82, 0
2, 8880, Note_on_c, 0, 80, 64
2, 8940, Note_on_c, 0, 80, 0
2, 8940, Note_on_c, 0, 75, 64
2, 9000, Note_on_c, 0, 75, 0
2, 9000, Note_on_c, 0, 77, 64
2, 9060, Note_on_c, 0, 77, 0
2, 9060, Note_on_c, 0, 78, 64
2, 9120, Note_on_c, 0, 78, 0
2, 9120, Note_on_c, 0, 77, 64
2, 9180, Note_on_c, 0, 77, 0
2, 9180, Note_on_c, 0, 75, 64
2, 9240, Note_on_c, 0, 75, 0
2, 9240, Note_on_c, 0, 73, 64
2, 9300, Note_on_c, 0, 73, 0
2, 9300, Note_on_c, 0, 75, 64
2, 9360, Note_on_c, 0, 75, 0
2, 9360, Note_on_c, 0, 84, 64
2, 9480, Note_on_c, 0, 84, 0
2, 9480, Note_on_c, 0, 80, 64
2, 9600, Note_on_c, 0, 80, 0
2, 9600, Note_on_c, 0, 75, 64
2, 9720, Note_on_c, 0, 75, 0
2, 9720, Note_on_c, 0, 73, 64
2, 9780, Note_on_c, 0, 73, 0
2, 9780, Note_on_c, 0, 72, 64
2, 9840, Note_on_c, 0, 72, 0
2, 9840, Note_on_c, 0, 73, 64
2, 9960, Note_on_c, 0, 73, 0
2, 9960, Note_on_c, 0, 82, 64
2, 10080, Note_on_c, 0, 82, 0
2, 10080, Note_on_c, 0, 72, 64
2, 10200, Note_on_c, 0, 72, 0
2, 10200, Note_on_c, 0, 80, 64
2, 10320, Note_on_c, 0, 80, 0
2, 10320, Note_on_c, 0, 70, 64
2, 10440, Note_on_c, 0, 70, 0
2, 10440, Note_on_c, 0, 79, 64
2, 10560, Note_on_c, 0, 79, 0
2, 10560, Note_on_c, 0, 68, 64
2, 10620, Note_on_c, 0, 68, 0
2, 10620, Note_on_c, 0, 70, 64
2, 10680, Note_on_c, 0, 70, 0
2, 10680, Note_on_c, 0, 72, 64
2, 10740, Note_on_c, 0, 72, 0
2, 10740, Note_on_c, 0, 73, 64
2, 10800, Note_on_c, 0, 73, 0
2, 10800, Note_on_c, 0, 72, 64
2, 10860, Note_on_c, 0, 72, 0
2, 10860, Note_on_c, 0, 70, 64
2, 10920, Note_on_c, 0, 70, 0
2, 10920, Note_on_c, 0, 68, 64
2, 10980, Note_on_c, 0, 68, 0
2, 10980, Note_on_c, 0, 72, 64
2, 11040, Note_on_c, 0, 72, 0
2, 11040, Note_on_c, 0, 77, 64
2, 11100, Note_on_c, 0, 77, 0
2, 11100, Note_on_c, 0, 75, 64
2, 11160, Note_on_c, 0, 75, 0
2, 11160, Note_on_c, 0, 74, 64
2, 11220, Note_on_c, 0, 74, 0
2, 11220, Note_on_c, 0, 77, 64
2, 11280, Note_on_c, 0, 77, 0
2, 11280, Note_on_c, 0, 80, 64
2, 11340, Note_on_c, 0, 80, 0
2, 11340, Note_on_c, 0, 78, 64
2, 11400, Note_on_c, 0, 78, 0
2, 11400, Note_on_c, 0, 77, 64
2, 11460, Note_on_c, 0, 77, 0
2, 11460, Note_on_c, 0, 80, 64
2, 11520, Note_on_c, 0, 80, 0
2, 11520, Note_on_c, 0, 83, 64
2, 11540, Note_on_c, 0, 82, 64
2, 11542, Note_on_c, 0, 83, 0
2, 11560, Note_on_c, 0, 83, 64
2, 11562, Note_on_c, 0, 82, 0
2, 11640, Note_on_c, 0, 83, 0
2, 11640, Note_on_c, 0, 82, 64
2, 11700, Note_on_c, 0, 82, 0
2, 11700, Note_on_c, 0, 80, 64
2, 11760, Note_on_c, 0, 80, 0
2, 11760, Note_on_c, 0, 78, 64
2, 11820, Note_on_c, 0, 78, 0
2, 11820, Note_on_c, 0, 77, 64
2, 11880, Note_on_c, 0, 77, 0
2, 11880, Note_on_c, 0, 75, 64
2, 11940, Note_on_c, 0, 75, 0
2, 11940, Note_on_c, 0, 74, 64
2, 12000, Note_on_c, 0, 74, 0
2, 12000, Note_on_c, 0, 75, 64
2, 12060, Note_on_c, 0, 75, 0
2, 12060, Note_on_c, 0, 78, 64
2, 12120, Note_on_c, 0, 78, 0
2, 12120, Note_on_c, 0, 77, 64
2, 12180, Note_on_c, 0, 77, 0
2, 12180, Note_on_c, 0, 75, 64
2, 12240, Note_on_c, 0, 75, 0
2, 12240, Note_on_c, 0, 74, 64
2, 12300, Note_on_c, 0, 74, 0
2, 12300, Note_on_c, 0, 77, 64
2, 12360, Note_on_c, 0, 77, 0
2, 12360, Note_on_c, 0, 70, 64
2, 12420, Note_on_c, 0, 70, 0
2, 12420, Note_on_c, 0, 68, 64
2, 12480, Note_on_c, 0, 68, 0
2, 12480, Note_on_c, 0, 66, 64
2, 12540, Note_on_c, 0, 66, 0
2, 12540, Note_on_c, 0, 65, 64
2, 12600, Note_on_c, 0, 65, 0
2, 12600, Note_on_c, 0, 63, 64
2, 12660, Note_on_c, 0, 63, 0
2, 12660, Note_on_c, 0, 62, 64
2, 12720, Note_on_c, 0, 62, 0
2, 12720, Note_on_c, 0, 63, 64
2, 12780, Note_on_c, 0, 63, 0
2, 12780, Note_on_c, 0, 65, 64
2, 12840, Note_on_c, 0, 65, 0
2, 12840, Note_on_c, 0, 66, 64
2, 12900, Note_on_c, 0, 66, 0
2, 12900, Note_on_c, 0, 68, 64
2, 12960, Note_on_c, 0, 68, 0
2, 12960, Note_on_c, 0, 70, 64
2, 13020, Note_on_c, 0, 70, 0
2, 13020, Note_on_c, 0, 68, 64
2, 13080, Note_on_c, 0, 68, 0
2, 13080, Note_on_c, 0, 66, 64
2, 13140, Note_on_c, 0, 66, 0
2, 13140, Note_on_c, 0, 68, 64
2, 13200, Note_on_c, 0, 68, 0
2, 13200, Note_on_c, 0, 70, 64
2, 13260, Note_on_c, 0, 70, 0
2, 13260, Note_on_c, 0, 68, 64
2, 13320, Note_on_c, 0, 68, 0
2, 13320, Note_on_c, 0, 66, 64
2, 13380, Note_on_c, 0, 66, 0
2, 13380, Note_on_c, 0, 65, 64
2, 13440, Note_on_c, 0, 65, 0
2, 13440, Note_on_c, 0, 66, 64
2, 13740, Note_on_c, 0, 66, 0
2, 13740, Note_on_c, 0, 65, 64
2, 13800, Note_on_c, 0, 65, 0
2, 13800, Note_on_c, 0, 63, 64
2, 13860, Note_on_c, 0, 63, 0
2, 13860, Note_on_c, 0, 66, 64
2, 13920, Note_on_c, 0, 66, 0
2, 13920, Note_on_c, 0, 65, 64
2, 13980, Note_on_c, 0, 65, 0
2, 13980, Note_on_c, 0, 63, 64
2, 14040, Note_on_c, 0, 63, 0
2, 14040, Note_on_c, 0, 61, 64
2, 14100, Note_on_c, 0, 61, 0
2, 14100, Note_on_c, 0, 65, 64
2, 14160, Note_on_c, 0, 65, 0
2, 14160, Note_on_c, 0, 63, 64
2, 14220, Note_on_c, 0, 63, 0
2, 14220, Note_on_c, 0, 61, 64
2, 14280, Note_on_c, 0, 61, 0
2, 14280, Note_on_c, 0, 63, 64
2, 14340, Note_on_c, 0, 63, 0
2, 14340, Note_on_c, 0, 60, 64
2, 14400, Note_on_c, 0, 60, 0
2, 14400, Note_on_c, 0, 61, 64
2, 14460, Note_on_c, 0, 61, 0
2, 14460, Note_on_c, 0, 65, 64
2, 14520, Note_on_c, 0, 65, 0
2, 14520, Note_on_c, 0, 66, 64
2, 14580, Note_on_c, 0, 66, 0
2, 14580, Note_on_c, 0, 65, 64
2, 14640, Note_on_c, 0, 65, 0
2, 14640, Note_on_c, 0, 73, 64
2, 14940, Note_on_c, 0, 73, 0
2, 14940, Note_on_c, 0, 72, 64
2, 15000, Note_on_c, 0, 72, 0
2, 15000, Note_on_c, 0, 73, 64
2, 15060, Note_on_c, 0, 73, 0
2, 15060, Note_on_c, 0, 70, 64
2, 15120, Note_on_c, 0, 70, 0
2, 15120, Note_on_c, 0, 82, 64
2, 15420, Note_on_c, 0, 82, 0
2, 15420, Note_on_c, 0, 63, 64
2, 15480, Note_on_c, 0, 63, 0
2, 15480, Note_on_c, 0, 65, 64
2, 15540, Note_on_c, 0, 65, 0
2, 15540, Note_on_c, 0, 63, 64
2, 15600, Note_on_c, 0, 63, 0
2, 15600, Note_on_c, 0, 72, 64
2, 15900, Note_on_c, 0, 72, 0
2, 15900, Note_on_c, 0, 70, 64
2, 15960, Note_on_c, 0, 70, 0
2, 15960, Note_on_c, 0, 72, 64
2, 16020, Note_on_c, 0, 72, 0
2, 16020, Note_on_c, 0, 68, 64
2, 16080, Note_on_c, 0, 68, 0
2, 16080, Note_on_c, 0, 80, 64
2, 16380, Note_on_c, 0, 80, 0
2, 16380, Note_on_c, 0, 61, 64
2, 16440, Note_on_c, 0, 61, 0
2, 16440, Note_on_c, 0, 63, 64
2, 16500, Note_on_c, 0, 63, 0
2, 16500, Note_on_c, 0, 61, 64
2, 16560, Note_on_c, 0, 61, 0
2, 16560, Note_on_c, 0, 70, 64
2, 16860, Note_on_c, 0, 70, 0
2, 16860, Note_on_c, 0, 68, 64
2, 16920, Note_on_c, 0, 68, 0
2, 16920, Note_on_c, 0, 70, 64
2, 16980, Note_on_c, 0, 70, 0
2, 16980, Note_on_c, 0, 67, 64
2, 17040, Note_on_c, 0, 67, 0
2, 17040, Note_on_c, 0, 79, 64
2, 17340, Note_on_c, 0, 79, 0
2, 17340, Note_on_c, 0, 76, 64
2, 17400, Note_on_c, 0, 76, 0
2, 17400, Note_on_c, 0, 77, 64
2, 17460, Note_on_c, 0, 77, 0
2, 17460, Note_on_c, 0, 73, 64
2, 17520, Note_on_c, 0, 73, 0
2, 17520, Note_on_c, 0, 70, 64
2, 18000, Note_on_c, 0, 70, 0
2, 18000, Note_on_c, 0, 68, 64
2, 18480, Note_on_c, 0, 68, 0
2, 18480, Note_on_c, 0, 67, 64
2, 18840, Note_on_c, 0, 67, 0
2, 18840, Note_on_c, 0, 65, 64
2, 18960, Note_on_c, 0, 65, 0
2, 18960, Note_on_c, 0, 64, 64
2, 19080, Note_on_c, 0, 64, 0
2, 19080, Note_on_c, 0, 67, 64
2, 19200, Note_on_c, 0, 67, 0
2, 19200, Note_on_c, 0, 72, 64
2, 19260, Note_on_c, 0, 72, 0
2, 19260, Note_on_c, 0, 70, 64
2, 19320, Note_on_c, 0, 70, 0
2, 19320, Note_on_c, 0, 68, 64
2, 19380, Note_on_c, 0, 68, 0
2, 19380, Note_on_c, 0, 72, 64
2, 19440, Note_on_c, 0, 72, 0
2, 19440, Note_on_c, 0, 70, 64
2, 19500, Note_on_c, 0, 70, 0
2, 19500, Note_on_c, 0, 68, 64
2, 19560, Note_on_c, 0, 68, 0
2, 19560, Note_on_c, 0, 67, 64
2, 19620, Note_on_c, 0, 67, 0
2, 19620, Note_on_c, 0, 70, 64
2, 19680, Note_on_c, 0, 70, 0
2, 19680, Note_on_c, 0, 68, 64
2, 19740, Note_on_c, 0, 68, 0
2, 19740, Note_on_c, 0, 65, 64
2, 19800, Note_on_c, 0, 65, 0
2, 19800, Note_on_c, 0, 73, 64
2, 19860, Note_on_c, 0, 73, 0
2, 19860, Note_on_c, 0, 70, 64
2, 19920, Note_on_c, 0, 70, 0
2, 19920, Note_on_c, 0, 72, 64
2, 19980, Note_on_c, 0, 72, 0
2, 19980, Note_on_c, 0, 68, 64
2, 20040, Note_on_c, 0, 68, 0
2, 20040, Note_on_c, 0, 78, 64
2, 20100, Note_on_c, 0, 78, 0
2, 20100, Note_on_c, 0, 76, 64
2, 20155, Note_on_c, 0, 76, 0
2, 20160, Note_on_c, 0, 76, 64
2, 20220, Note_on_c, 0, 76, 0
2, 20220, Note_on_c, 0, 77, 64
2, 20280, Note_on_c, 0, 77, 0
2, 20280, Note_on_c, 0, 83, 64
2, 20340, Note_on_c, 0, 83, 0
2, 20340, Note_on_c, 0, 84, 64
2, 20400, Note_on_c, 0, 84, 0
2, 20400, Note_on_c, 0, 76, 64
2, 20422, Note_on_c, 0, 76, 0
2, 20422, Note_on_c, 0, 77, 64
2, 20444, Note_on_c, 0, 77, 0
2, 20444, Note_on_c, 0, 76, 64
2, 20466, Note_on_c, 0, 76, 0
2, 20466, Note_on_c, 0, 77, 64
2, 20488, Note_on_c, 0, 77, 0
2, 20488, Note_on_c, 0, 76, 64
2, 20510, Note_on_c, 0, 76, 0
2, 20510, Note_on_c, 0, 77, 64
2, 20532, Note_on_c, 0, 77, 0
2, 20532, Note_on_c, 0, 76, 64
2, 20577, Note_on_c, 0, 76, 0
2, 20580, Note_on_c, 0, 77, 64
2, 20630, Note_on_c, 0, 77, 0
2, 20640, Note_on_c, 0, 77, 64
2, 20877, Note_on_c, 0, 77, 0
2, 21000, Note_on_c, 0, 77, 64
2, 21120, Note_on_c, 0, 77, 0
2, 21120, Note_on_c, 0, 71, 64
2, 21180, Note_on_c, 0, 71, 0
2, 21180, Note_on_c, 0, 70, 64
2, 21240, Note_on_c, 0, 70, 0
2, 21240, Note_on_c, 0, 68, 64
2, 21300, Note_on_c, 0, 68, 0
2, 21300, Note_on_c, 0, 70, 64
2, 21360, Note_on_c, 0, 70, 0
2, 21360, Note_on_c, 0, 77, 64
2, 21480, Note_on_c, 0, 77, 0
2, 21480, Note_on_c, 0, 74, 64
2, 21600, Note_on_c, 0, 74, 0
2, 21600, Note_on_c, 0, 68, 64
2, 21720, Note_on_c, 0, 68, 0
2, 21720, Note_on_c, 0, 66, 64
2, 21780, Note_on_c, 0, 66, 0
2, 21780, Note_on_c, 0, 65, 64
2, 21840, Note_on_c, 0, 65, 0
2, 21840, Note_on_c, 0, 66, 64
2, 21960, Note_on_c, 0, 66, 0
2, 21960, Note_on_c, 0, 75, 64
2, 22080, Note_on_c, 0, 75, 0
2, 22080, Note_on_c, 0, 69, 64
2, 22140, Note_on_c, 0, 69, 0
2, 22140, Note_on_c, 0, 68, 64
2, 22200, Note_on_c, 0, 68, 0
2, 22200, Note_on_c, 0, 66, 64
2, 22260, Note_on_c, 0, 66, 0
2, 22260, Note_on_c, 0, 68, 64
2, 22320, Note_on_c, 0, 68, 0
2, 22320, Note_on_c, 0, 75, 64
2, 22440, Note_on_c, 0, 75, 0
2, 22440, Note_on_c, 0, 72, 64
2, 22560, Note_on_c, 0, 72, 0
2, 22560, Note_on_c, 0, 66, 64
2, 22680, Note_on_c, 0, 66, 0
2, 22680, Note_on_c, 0, 65, 64
2, 22740, Note_on_c, 0, 63, 64
2, 22747, Note_on_c, 0, 65, 0
2, 22800, Note_on_c, 0, 63, 0
2, 22800, Note_on_c, 0, 65, 64
2, 22860, Note_on_c, 0, 65, 0
2, 22860, Note_on_c, 0, 68, 64
2, 22920, Note_on_c, 0, 68, 0
2, 22920, Note_on_c, 0, 73, 64
2, 22980, Note_on_c, 0, 73, 0
2, 22980, Note_on_c, 0, 75, 64
2, 23040, Note_on_c, 0, 75, 0
2, 23040, Note_on_c, 0, 77, 64
2, 23100, Note_on_c, 0, 77, 0
2, 23100, Note_on_c, 0, 75, 64
2, 23160, Note_on_c, 0, 75, 0
2, 23160, Note_on_c, 0, 73, 64
2, 23220, Note_on_c, 0, 73, 0
2, 23220, Note_on_c, 0, 75, 64
2, 23280, Note_on_c, 0, 75, 0
2, 23280, Note_on_c, 0, 84, 64
2, 23400, Note_on_c, 0, 84, 0
2, 23400, Note_on_c, 0, 80, 64
2, 23520, Note_on_c, 0, 80, 0
2, 23520, Note_on_c, 0, 75, 64
2, 23640, Note_on_c, 0, 75, 0
2, 23640, Note_on_c, 0, 73, 64
2, 23700, Note_on_c, 0, 73, 0
2, 23700, Note_on_c, 0, 72, 64
2, 23760, Note_on_c, 0, 72, 0
2, 23760, Note_on_c, 0, 73, 64
2, 23880, Note_on_c, 0, 73, 0
2, 23880, Note_on_c, 0, 82, 64
2, 24000, Note_on_c, 0, 82, 0
2, 24000, Note_on_c, 0, 72, 64
2, 24120, Note_on_c, 0, 72, 0
2, 24120, Note_on_c, 0, 80, 64
2, 24240, Note_on_c, 0, 80, 0
2, 24240, Note_on_c, 0, 70, 64
2, 24360, Note_on_c, 0, 70, 0
2, 24360, Note_on_c, 0, 79, 64
2, 24480, Note_on_c, 0, 79, 0
2, 24480, Note_on_c, 0, 68, 64
2, 24540, Note_on_c, 0, 68, 0
2, 24540, Note_on_c, 0, 63, 64
2, 24600, Note_on_c, 0, 63, 0
2, 24600, Note_on_c, 0, 65, 64
2, 24660, Note_on_c, 0, 65, 0
2, 24660, Note_on_c, 0, 67, 64
2, 24720, Note_on_c, 0, 67, 0
2, 24720, Note_on_c, 0, 68, 64
2, 24780, Note_on_c, 0, 68, 0
2, 24780, Note_on_c, 0, 70, 64
2, 24840, Note_on_c, 0, 70, 0
2, 24840, Note_on_c, 0, 72, 64
2, 24900, Note_on_c, 0, 72, 0
2, 24900, Note_on_c, 0, 68, 64
2, 24960, Note_on_c, 0, 68, 0
2, 24960, Note_on_c, 0, 73, 64
2, 25020, Note_on_c, 0, 73, 0
2, 25020, Note_on_c, 0, 72, 64
2, 25080, Note_on_c, 0, 72, 0
2, 25080, Note_on_c, 0, 70, 64
2, 25140, Note_on_c, 0, 70, 0
2, 25140, Note_on_c, 0, 72, 64
2, 25200, Note_on_c, 0, 72, 0
2, 25200, Note_on_c, 0, 73, 64
2, 25260, Note_on_c, 0, 73, 0
2, 25260, Note_on_c, 0, 72, 64
2, 25320, Note_on_c, 0, 72, 0
2, 25320, Note_on_c, 0, 70, 64
2, 25380, Note_on_c, 0, 70, 0
2, 25380, Note_on_c, 0, 68, 64
2, 25440, Note_on_c, 0, 68, 0
2, 25440, Note_on_c, 0, 70, 64
2, 25740, Note_on_c, 0, 70, 0
2, 25740, Note_on_c, 0, 68, 64
2, 25800, Note_on_c, 0, 68, 0
2, 25800, Note_on_c, 0, 66, 64
2, 25860, Note_on_c, 0, 66, 0
2, 25860, Note_on_c, 0, 70, 64
2, 25920, Note_on_c, 0, 70, 0
2, 25920, Note_on_c, 0, 68, 64
2, 25980, Note_on_c, 0, 68, 0
2, 25980, Note_on_c, 0, 66, 64
2, 26040, Note_on_c, 0, 66, 0
2, 26040, Note_on_c, 0, 65, 64
2, 26100, Note_on_c, 0, 65, 0
2, 26100, Note_on_c, 0, 68, 64
2, 26160, Note_on_c, 0, 68, 0
2, 26160, Note_on_c, 0, 66, 64
2, 26220, Note_on_c, 0, 66, 0
2, 26220, Note_on_c, 0, 65, 64
2, 26280, Note_on_c, 0, 65, 0
2, 26280, Note_on_c, 0, 63, 64
2, 26340, Note_on_c, 0, 63, 0
2, 26340, Note_on_c, 0, 66, 64
2, 26400, Note_on_c, 0, 66, 0
2, 26400, Note_on_c, 0, 65, 64
2, 26520, Note_on_c, 0, 65, 0
2, 26520, Note_on_c, 0, 68, 64
2, 26640, Note_on_c, 0, 68, 0
2, 26640, Note_on_c, 0, 73, 64
2, 26880, Note_on_c, 0, 73, 0
2, 27000, Note_on_c, 0, 76, 64
2, 27060, Note_on_c, 0, 76, 0
2, 27060, Note_on_c, 0, 73, 64
2, 27120, Note_on_c, 0, 73, 0
2, 27120, Note_on_c, 0, 70, 64
2, 27393, Note_on_c, 0, 70, 0
2, 27480, Note_on_c, 0, 70, 64
2, 27540, Note_on_c, 0, 70, 0
2, 27540, Note_on_c, 0, 73, 64
2, 27600, Note_on_c, 0, 73, 0
2, 27600, Note_on_c, 0, 76, 64
2, 27840, Note_on_c, 0, 75, 64
2, 27843, Note_on_c, 0, 76, 0
2, 27960, Note_on_c, 0, 75, 0
2, 27960, Note_on_c, 0, 80, 64
2, 28080, Note_on_c, 0, 80, 0
2, 28080, Note_on_c, 0, 73, 64
2, 28200, Note_on_c, 0, 73, 0
2, 28200, Note_on_c, 0, 79, 64
2, 28320, Note_on_c, 0, 79, 0
2, 28320, Note_on_c, 0, 68, 64
2, 28440, Note_on_c, 0, 68, 0
2, 28440, Note_on_c, 0, 80, 64
2, 28500, Note_on_c, 0, 80, 0
2, 28500, Note_on_c, 0, 78, 64
2, 28560, Note_on_c, 0, 78, 0
2, 28560, Note_on_c, 0, 80, 64
2, 28620, Note_on_c, 0, 80, 0
2, 28620, Note_on_c, 0, 82, 64
2, 28680, Note_on_c, 0, 82, 0
2, 28680, Note_on_c, 0, 83, 64
2, 28740, Note_on_c, 0, 83, 0
2, 28740, Note_on_c, 0, 80, 64
2, 28800, Note_on_c, 0, 80, 0
2, 28800, Note_on_c, 0, 77, 64
2, 28860, Note_on_c, 0, 77, 0
2, 28860, Note_on_c, 0, 78, 64
2, 28920, Note_on_c, 0, 78, 0
2, 28920, Note_on_c, 0, 80, 64
2, 28980, Note_on_c, 0, 80, 0
2, 28980, Note_on_c, 0, 77, 64
2, 29040, Note_on_c, 0, 77, 0
2, 29040, Note_on_c, 0, 73, 64
2, 29100, Note_on_c, 0, 73, 0
2, 29100, Note_on_c, 0, 75, 64
2, 29160, Note_on_c, 0, 75, 0
2, 29160, Note_on_c, 0, 77, 64
2, 29220, Note_on_c, 0, 77, 0
2, 29220, Note_on_c, 0, 73, 64
2, 29280, Note_on_c, 0, 73, 0
2, 29280, Note_on_c, 0, 70, 64
2, 29340, Note_on_c, 0, 70, 0
2, 29340, Note_on_c, 0, 72, 64
2, 29400, Note_on_c, 0, 72, 0
2, 29400, Note_on_c, 0, 73, 64
2, 29460, Note_on_c, 0, 73, 0
2, 29460, Note_on_c, 0, 70, 64
2, 29520, Note_on_c, 0, 70, 0
2, 29520, Note_on_c, 0, 78, 64
2, 29580, Note_on_c, 0, 78, 0
2, 29580, Note_on_c, 0, 80, 64
2, 29640, Note_on_c, 0, 80, 0
2, 29640, Note_on_c, 0, 82, 64
2, 29700, Note_on_c, 0, 82, 0
2, 29700, Note_on_c, 0, 78, 64
2, 29760, Note_on_c, 0, 78, 0
2, 29760, Note_on_c, 0, 75, 64
2, 29820, Note_on_c, 0, 75, 0
2, 29820, Note_on_c, 0, 77, 64
2, 29880, Note_on_c, 0, 77, 0
2, 29880, Note_on_c, 0, 78, 64
2, 29940, Note_on_c, 0, 78, 0
2, 29940, Note_on_c, 0, 75, 64
2, 30000, Note_on_c, 0, 75, 0
2, 30000, Note_on_c, 0, 72, 64
2, 30060, Note_on_c, 0, 72, 0
2, 30060, Note_on_c, 0, 73, 64
2, 30120, Note_on_c, 0, 73, 0
2, 30120, Note_on_c, 0, 75, 64
2, 30180, Note_on_c, 0, 75, 0
2, 30180, Note_on_c, 0, 72, 64
2, 30240, Note_on_c, 0, 72, 0
2, 30240, Note_on_c, 0, 68, 64
2, 30300, Note_on_c, 0, 68, 0
2, 30300, Note_on_c, 0, 70, 64
2, 30360, Note_on_c, 0, 70, 0
2, 30360, Note_on_c, 0, 72, 64
2, 30420, Note_on_c, 0, 72, 0
2, 30420, Note_on_c, 0, 68, 64
2, 30480, Note_on_c, 0, 68, 0
2, 30480, Note_on_c, 0, 77, 64
2, 30540, Note_on_c, 0, 77, 0
2, 30540, Note_on_c, 0, 78, 64
2, 30600, Note_on_c, 0, 78, 0
2, 30600, Note_on_c, 0, 80, 64
2, 30660, Note_on_c, 0, 80, 0
2, 30660, Note_on_c, 0, 77, 64
2, 30720, Note_on_c, 0, 77, 0
2, 30720, Note_on_c, 0, 74, 64
2, 30780, Note_on_c, 0, 74, 0
2, 30780, Note_on_c, 0, 75, 64
2, 30840, Note_on_c, 0, 75, 0
2, 30840, Note_on_c, 0, 77, 64
2, 30900, Note_on_c, 0, 77, 0
2, 30900, Note_on_c, 0, 74, 64
2, 30960, Note_on_c, 0, 74, 0
2, 30960, Note_on_c, 0, 70, 64
2, 31020, Note_on_c, 0, 70, 0
2, 31020, Note_on_c, 0, 72, 64
2, 31080, Note_on_c, 0, 72, 0
2, 31080, Note_on_c, 0, 74, 64
2, 31140, Note_on_c, 0, 74, 0
2, 31140, Note_on_c, 0, 70, 64
2, 31200, Note_on_c, 0, 70, 0
2, 31200, Note_on_c, 0, 66, 64
2, 31260, Note_on_c, 0, 66, 0
2, 31260, Note_on_c, 0, 68, 64
2, 31320, Note_on_c, 0, 68, 0
2, 31320, Note_on_c, 0, 70, 64
2, 31380, Note_on_c, 0, 70, 0
2, 31380, Note_on_c, 0, 66, 64
2, 31440, Note_on_c, 0, 66, 0
2, 31440, Note_on_c, 0, 75, 64
2, 31500, Note_on_c, 0, 75, 0
2, 31500, Note_on_c, 0, 77, 64
2, 31560, Note_on_c, 0, 77, 0
2, 31560, Note_on_c, 0, 78, 64
2, 31620, Note_on_c, 0, 78, 0
2, 31620, Note_on_c, 0, 75, 64
2, 31680, Note_on_c, 0, 75, 0
2, 31680, Note_on_c, 0, 72, 64
2, 31740, Note_on_c, 0, 72, 0
2, 31740, Note_on_c, 0, 73, 64
2, 31800, Note_on_c, 0, 73, 0
2, 31800, Note_on_c, 0, 75, 64
2, 31860, Note_on_c, 0, 75, 0
2, 31860, Note_on_c, 0, 72, 64
2, 31920, Note_on_c, 0, 72, 0
2, 31920, Note_on_c, 0, 68, 64
2, 31980, Note_on_c, 0, 68, 0
2, 31980, Note_on_c, 0, 70, 64
2, 32040, Note_on_c, 0, 70, 0
2, 32040, Note_on_c, 0, 72, 64
2, 32100, Note_on_c, 0, 72, 0
2, 32100, Note_on_c, 0, 68, 64
2, 32160, Note_on_c, 0, 68, 0
2, 32160, Note_on_c, 0, 65, 64
2, 32220, Note_on_c, 0, 65, 0
2, 32220, Note_on_c, 0, 66, 64
2, 32280, Note_on_c, 0, 66, 0
2, 32280, Note_on_c, 0, 68, 64
2, 32340, Note_on_c, 0, 68, 0
2, 32340, Note_on_c, 0, 65, 64
2, 32400, Note_on_c, 0, 65, 0
2, 32400, Note_on_c, 0, 61, 64
2, 32460, Note_on_c, 0, 61, 0
2, 32460, Note_on_c, 0, 65, 64
2, 32520, Note_on_c, 0, 65, 0
2, 32520, Note_on_c, 0, 68, 64
2, 32580, Note_on_c, 0, 68, 0
2, 32580, Note_on_c, 0, 70, 64
2, 32640, Note_on_c, 0, 70, 0
2, 32640, Note_on_c, 0, 71, 64
2, 32700, Note_on_c, 0, 71, 0
2, 32700, Note_on_c, 0, 70, 64
2, 32760, Note_on_c, 0, 70, 0
2, 32760, Note_on_c, 0, 68, 64
2, 32820, Note_on_c, 0, 68, 0
2, 32820, Note_on_c, 0, 70, 64
2, 32880, Note_on_c, 0, 70, 0
2, 32880, Note_on_c, 0, 78, 64
2, 33000, Note_on_c, 0, 78, 0
2, 33000, Note_on_c, 0, 73, 64
2, 33120, Note_on_c, 0, 73, 0
2, 33120, Note_on_c, 0, 70, 64
2, 33240, Note_on_c, 0, 70, 0
2, 33240, Note_on_c, 0, 68, 64
2, 33300, Note_on_c, 0, 68, 0
2, 33300, Note_on_c, 0, 66, 64
2, 33360, Note_on_c, 0, 66, 0
2, 33360, Note_on_c, 0, 68, 64
2, 33420, Note_on_c, 0, 68, 0
2, 33420, Note_on_c, 0, 61, 64
2, 33480, Note_on_c, 0, 61, 0
2, 33480, Note_on_c, 0, 65, 64
2, 33540, Note_on_c, 0, 65, 0
2, 33540, Note_on_c, 0, 68, 64
2, 33600, Note_on_c, 0, 68, 0
2, 33600, Note_on_c, 0, 70, 64
2, 33660, Note_on_c, 0, 70, 0
2, 33660, Note_on_c, 0, 68, 64
2, 33720, Note_on_c, 0, 68, 0
2, 33720, Note_on_c, 0, 66, 64
2, 33780, Note_on_c, 0, 66, 0
2, 33780, Note_on_c, 0, 68, 64
2, 33840, Note_on_c, 0, 68, 0
2, 33840, Note_on_c, 0, 77, 64
2, 33960, Note_on_c, 0, 77, 0
2, 33960, Note_on_c, 0, 73, 64
2, 34080, Note_on_c, 0, 73, 0
2, 34080, Note_on_c, 0, 68, 64
2, 34200, Note_on_c, 0, 68, 0
2, 34200, Note_on_c, 0, 66, 64
2, 34260, Note_on_c, 0, 66, 0
2, 34260, Note_on_c, 0, 65, 64
2, 34320, Note_on_c, 0, 65, 0
2, 34320, Note_on_c, 0, 66, 64
2, 34380, Note_on_c, 0, 66, 0
2, 34380, Note_on_c, 0, 60, 64
2, 34440, Note_on_c, 0, 60, 0
2, 34440, Note_on_c, 0, 63, 64
2, 34500, Note_on_c, 0, 63, 0
2, 34500, Note_on_c, 0, 66, 64
2, 34560, Note_on_c, 0, 66, 0
2, 34560, Note_on_c, 0, 68, 64
2, 34620, Note_on_c, 0, 68, 0
2, 34620, Note_on_c, 0, 66, 64
2, 34680, Note_on_c, 0, 66, 0
2, 34680, Note_on_c, 0, 65, 64
2, 34740, Note_on_c, 0, 65, 0
2, 34740, Note_on_c, 0, 66, 64
2, 34800, Note_on_c, 0, 75, 64
2, 34804, Note_on_c, 0, 66, 0
2, 34920, Note_on_c, 0, 75, 0
2, 34920, Note_on_c, 0, 72, 64
2, 35040, Note_on_c, 0, 72, 0
2, 35040, Note_on_c, 0, 66, 64
2, 35160, Note_on_c, 0, 66, 0
2, 35160, Note_on_c, 0, 65, 64
2, 35220, Note_on_c, 0, 65, 0
2, 35220, Note_on_c, 0, 63, 64
2, 35280, Note_on_c, 0, 63, 0
2, 35280, Note_on_c, 0, 65, 64
2, 35340, Note_on_c, 0, 65, 0
2, 35340, Note_on_c, 0, 68, 64
2, 35400, Note_on_c, 0, 68, 0
2, 35400, Note_on_c, 0, 70, 64
2, 35460, Note_on_c, 0, 70, 0
2, 35460, Note_on_c, 0, 72, 64
2, 35520, Note_on_c, 0, 72, 0
2, 35520, Note_on_c, 0, 73, 64
2, 35580, Note_on_c, 0, 73, 0
2, 35580, Note_on_c, 0, 75, 64
2, 35640, Note_on_c, 0, 75, 0
2, 35640, Note_on_c, 0, 77, 64
2, 35700, Note_on_c, 0, 77, 0
2, 35700, Note_on_c, 0, 75, 64
2, 35760, Note_on_c, 0, 75, 0
2, 35760, Note_on_c, 0, 78, 64
2, 35820, Note_on_c, 0, 78, 0
2, 35820, Note_on_c, 0, 77, 64
2, 35880, Note_on_c, 0, 77, 0
2, 35880, Note_on_c, 0, 75, 64
2, 35940, Note_on_c, 0, 75, 0
2, 35940, Note_on_c, 0, 73, 64
2, 36000, Note_on_c, 0, 73, 0
2, 36000, Note_on_c, 0, 82, 73
2, 36022, Note_on_c, 0, 82, 0
2, 36022, Note_on_c, 0, 80, 48
2, 36044, Note_on_c, 0, 80, 0
2, 36044, Note_on_c, 0, 82, 49
2, 36066, Note_on_c, 0, 82, 0
2, 36066, Note_on_c, 0, 80, 49
2, 36088, Note_on_c, 0, 80, 0
2, 36088, Note_on_c, 0, 82, 50
2, 36110, Note_on_c, 0, 82, 0
2, 36110, Note_on_c, 0, 80, 51
2, 36132, Note_on_c, 0, 80, 0
2, 36132, Note_on_c, 0, 82, 52
2, 36154, Note_on_c, 0, 82, 0
2, 36154, Note_on_c, 0, 80, 53
2, 36176, Note_on_c, 0, 80, 0
2, 36176, Note_on_c, 0, 82, 53
2, 36198, Note_on_c, 0, 82, 0
2, 36198, Note_on_c, 0, 80, 54
2, 36220, Note_on_c, 0, 80, 0
2, 36220, Note_on_c, 0, 82, 55
2, 36242, Note_on_c, 0, 82, 0
2, 36242, Note_on_c, 0, 80, 56
2, 36264, Note_on_c, 0, 80, 0
2, 36264, Note_on_c, 0, 82, 57
2, 36286, Note_on_c, 0, 82, 0
2, 36286, Note_on_c, 0, 80, 58
2, 36308, Note_on_c, 0, 80, 0
2, 36308, Note_on_c, 0, 82, 58
2, 36330, Note_on_c, 0, 82, 0
2, 36330, Note_on_c, 0, 80, 59
2, 36352, Note_on_c, 0, 80, 0
2, 36352, Note_on_c, 0, 82, 60
2, 36374, Note_on_c, 0, 82, 0
2, 36374, Note_on_c, 0, 80, 61
2, 36396, Note_on_c, 0, 80, 0
2, 36396, Note_on_c, 0, 82, 62
2, 36418, Note_on_c, 0, 82, 0
2, 36418, Note_on_c, 0, 80, 62
2, 36440, Note_on_c, 0, 80, 0
2, 36440, Note_on_c, 0, 82, 63
2, 36472, Note_on_c, 0, 82, 0
2, 36480, Note_on_c, 0, 80, 64
2, 36530, Note_on_c, 0, 80, 0
2, 36540, Note_on_c, 0, 80, 64
2, 36600, Note_on_c, 0, 80, 0
2, 36600, Note_on_c, 0, 78, 64
2, 36660, Note_on_c, 0, 78, 0
2, 36660, Note_on_c, 0, 80, 64
2, 36720, Note_on_c, 0, 80, 0
2, 36720, Note_on_c, 0, 77, 64
2, 36780, Note_on_c, 0, 77, 0
2, 36780, Note_on_c, 0, 80, 64
2, 36840, Note_on_c, 0, 80, 0
2, 36840, Note_on_c, 0, 75, 64
2, 36900, Note_on_c, 0, 75, 0
2, 36900, Note_on_c, 0, 80, 64
2, 36960, Note_on_c, 0, 80, 0
2, 36960, Note_on_c, 0, 73, 64
2, 37020, Note_on_c, 0, 73, 0
2, 37020, Note_on_c, 0, 80, 64
2, 37080, Note_on_c, 0, 80, 0
2, 37080, Note_on_c, 0, 72, 64
2, 37140, Note_on_c, 0, 72, 0
2, 37140, Note_on_c, 0, 70, 64
2, 37200, Note_on_c, 0, 70, 0
2, 37200, Note_on_c, 0, 72, 64
2, 37260, Note_on_c, 0, 72, 0
2, 37260, Note_on_c, 0, 75, 64
2, 37320, Note_on_c, 0, 75, 0
2, 37320, Note_on_c, 0, 77, 64
2, 37380, Note_on_c, 0, 77, 0
2, 37380, Note_on_c, 0, 78, 64
2, 37440, Note_on_c, 0, 78, 0
2, 37440, Note_on_c, 0, 80, 64
2, 37500, Note_on_c, 0, 80, 0
2, 37500, Note_on_c, 0, 78, 64
2, 37560, Note_on_c, 0, 78, 0
2, 37560, Note_on_c, 0, 77, 64
2, 37620, Note_on_c, 0, 77, 0
2, 37620, Note_on_c, 0, 80, 64
2, 37680, Note_on_c, 0, 80, 0
2, 37680, Note_on_c, 0, 75, 64
2, 37740, Note_on_c, 0, 75, 0
2, 37740, Note_on_c, 0, 80, 64
2, 37800, Note_on_c, 0, 80, 0
2, 37800, Note_on_c, 0, 73, 64
2, 37860, Note_on_c, 0, 73, 0
2, 37860, Note_on_c, 0, 80, 64
2, 37920, Note_on_c, 0, 80, 0
2, 37920, Note_on_c, 0, 72, 64
2, 37980, Note_on_c, 0, 72, 0
2, 37980, Note_on_c, 0, 80, 64
2, 38040, Note_on_c, 0, 80, 0
2, 38040, Note_on_c, 0, 70, 64
2, 38100, Note_on_c, 0, 70, 0
2, 38100, Note_on_c, 0, 68, 64
2, 38160, Note_on_c, 0, 68, 0
2, 38160, Note_on_c, 0, 70, 64
2, 38220, Note_on_c, 0, 70, 0
2, 38220, Note_on_c, 0, 73, 64
2, 38280, Note_on_c, 0, 73, 0
2, 38280, Note_on_c, 0, 75, 64
2, 38340, Note_on_c, 0, 75, 0
2, 38340, Note_on_c, 0, 77, 64
2, 38400, Note_on_c, 0, 77, 0
2, 38400, Note_on_c, 0, 78, 64
2, 38460, Note_on_c, 0, 78, 0
2, 38460, Note_on_c, 0, 77, 64
2, 38520, Note_on_c, 0, 77, 0
2, 38520, Note_on_c, 0, 75, 64
2, 38580, Note_on_c, 0, 75, 0
2, 38580, Note_on_c, 0, 77, 64
2, 38640, Note_on_c, 0, 77, 0
2, 38640, Note_on_c, 0, 73, 64
2, 38700, Note_on_c, 0, 73, 0
2, 38700, Note_on_c, 0, 75, 64
2, 38760, Note_on_c, 0, 75, 0
2, 38760, Note_on_c, 0, 72, 64
2, 38820, Note_on_c, 0, 72, 0
2, 38820, Note_on_c, 0, 75, 64
2, 38880, Note_on_c, 0, 75, 0
2, 38880, Note_on_c, 0, 70, 64
2, 38940, Note_on_c, 0, 70, 0
2, 38940, Note_on_c, 0, 75, 64
2, 39000, Note_on_c, 0, 75, 0
2, 39000, Note_on_c, 0, 68, 64
2, 39060, Note_on_c, 0, 68, 0
2, 39060, Note_on_c, 0, 67, 64
2, 39120, Note_on_c, 0, 67, 0
2, 39120, Note_on_c, 0, 68, 64
2, 39180, Note_on_c, 0, 68, 0
2, 39180, Note_on_c, 0, 72, 64
2, 39240, Note_on_c, 0, 72, 0
2, 39240, Note_on_c, 0, 73, 64
2, 39300, Note_on_c, 0, 73, 0
2, 39300, Note_on_c, 0, 75, 64
2, 39360, Note_on_c, 0, 75, 0
2, 39360, Note_on_c, 0, 77, 64
2, 39420, Note_on_c, 0, 77, 0
2, 39420, Note_on_c, 0, 78, 64
2, 39480, Note_on_c, 0, 78, 0
2, 39480, Note_on_c, 0, 80, 64
2, 39540, Note_on_c, 0, 80, 0
2, 39540, Note_on_c, 0, 82, 64
2, 39600, Note_on_c, 0, 82, 0
2, 39600, Note_on_c, 0, 73, 64
2, 39620, Note_on_c, 0, 72, 64
2, 39622, Note_on_c, 0, 73, 0
2, 39640, Note_on_c, 0, 73, 64
2, 39642, Note_on_c, 0, 72, 0
2, 39660, Note_on_c, 0, 72, 64
2, 39662, Note_on_c, 0, 73, 0
2, 39720, Note_on_c, 0, 72, 0
2, 39720, Note_on_c, 0, 68, 64
2, 39840, Note_on_c, 0, 68, 0
2, 39840, Note_on_c, 0, 70, 64
2, 39900, Note_on_c, 0, 70, 0
2, 39900, Note_on_c, 0, 68, 64
2, 39960, Note_on_c, 0, 68, 0
2, 39960, Note_on_c, 0, 66, 64
2, 40020, Note_on_c, 0, 66, 0
2, 40020, Note_on_c, 0, 68, 64
2, 40080, Note_on_c, 0, 68, 0
2, 40080, Note_on_c, 0, 77, 64
2, 40200, Note_on_c, 0, 77, 0
2, 40200, Note_on_c, 0, 73, 64
2, 40320, Note_on_c, 0, 73, 0
2, 40320, Note_on_c, 0, 68, 64
2, 40440, Note_on_c, 0, 68, 0
2, 40440, Note_on_c, 0, 66, 64
2, 40500, Note_on_c, 0, 66, 0
2, 40500, Note_on_c, 0, 65, 64
2, 40560, Note_on_c, 0, 65, 0
2, 40560, Note_on_c, 0, 66, 64
2, 40680, Note_on_c, 0, 66, 0
2, 40680, Note_on_c, 0, 75, 64
2, 40800, Note_on_c, 0, 75, 0
2, 40800, Note_on_c, 0, 65, 64
2, 40920, Note_on_c, 0, 65, 0
2, 40920, Note_on_c, 0, 73, 64
2, 41040, Note_on_c, 0, 73, 0
2, 41040, Note_on_c, 0, 63, 64
2, 41160, Note_on_c, 0, 63, 0
2, 41160, Note_on_c, 0, 72, 64
2, 41280, Note_on_c, 0, 72, 0
2, 41280, Note_on_c, 0, 61, 64
2, 41400, Note_on_c, 0, 61, 0
2, 41400, Note_on_c, 0, 73, 64
2, 41460, Note_on_c, 0, 73, 0
2, 41460, Note_on_c, 0, 72, 64
2, 41520, Note_on_c, 0, 72, 0
2, 41520, Note_on_c, 0, 73, 64
2, 41580, Note_on_c, 0, 73, 0
2, 41580, Note_on_c, 0, 75, 64
2, 41640, Note_on_c, 0, 75, 0
2, 41640, Note_on_c, 0, 77, 64
2, 41700, Note_on_c, 0, 77, 0
2, 41700, Note_on_c, 0, 78, 64
2, 41760, Note_on_c, 0, 78, 0
2, 41760, Note_on_c, 0, 80, 64
2, 41820, Note_on_c, 0, 80, 0
2, 41820, Note_on_c, 0, 78, 64
2, 41880, Note_on_c, 0, 78, 0
2, 41880, Note_on_c, 0, 77, 64
2, 41940, Note_on_c, 0, 77, 0
2, 41940, Note_on_c, 0, 78, 64
2, 42000, Note_on_c, 0, 78, 0
2, 42000, Note_on_c, 0, 80, 64
2, 42060, Note_on_c, 0, 80, 0
2, 42060, Note_on_c, 0, 78, 64
2, 42120, Note_on_c, 0, 78, 0
2, 42120, Note_on_c, 0, 77, 64
2, 42180, Note_on_c, 0, 77, 0
2, 42180, Note_on_c, 0, 75, 64
2, 42240, Note_on_c, 0, 75, 0
2, 42240, Note_on_c, 0, 77, 64
2, 42540, Note_on_c, 0, 77, 0
2, 42540, Note_on_c, 0, 75, 64
2, 42600, Note_on_c, 0, 75, 0
2, 42600, Note_on_c, 0, 73, 64
2, 42660, Note_on_c, 0, 73, 0
2, 42660, Note_on_c, 0, 77, 64
2, 42720, Note_on_c, 0, 77, 0
2, 42720, Note_on_c, 0, 75, 64
2, 42780, Note_on_c, 0, 75, 0
2, 42780, Note_on_c, 0, 73, 64
2, 42840, Note_on_c, 0, 73, 0
2, 42840, Note_on_c, 0, 72, 64
2, 42900, Note_on_c, 0, 72, 0
2, 42900, Note_on_c, 0, 75, 64
2, 42960, Note_on_c, 0, 75, 0
2, 42960, Note_on_c, 0, 73, 64
2, 43020, Note_on_c, 0, 73, 0
2, 43020, Note_on_c, 0, 72, 64
2, 43080, Note_on_c, 0, 72, 0
2, 43080, Note_on_c, 0, 73, 64
2, 43140, Note_on_c, 0, 73, 0
2, 43140, Note_on_c, 0, 70, 64
2, 43200, Note_on_c, 0, 70, 0
2, 43200, Note_on_c, 0, 72, 64
2, 43320, Note_on_c, 0, 72, 0
2, 43320, Note_on_c, 0, 75, 64
2, 43440, Note_on_c, 0, 75, 0
2, 43440, Note_on_c, 0, 78, 64
2, 43920, Note_on_c, 0, 78, 0
2, 43920, Note_on_c, 0, 77, 64
2, 44400, Note_on_c, 0, 77, 0
2, 44400, Note_on_c, 0, 75, 64
2, 44760, Note_on_c, 0, 75, 0
2, 44760, Note_on_c, 0, 73, 64
2, 44880, Note_on_c, 0, 73, 0
2, 44880, Note_on_c, 0, 72, 64
2, 45000, Note_on_c, 0, 72, 0
2, 45000, Note_on_c, 0, 75, 64
2, 45240, Note_on_c, 0, 75, 0
2, 45240, Note_on_c, 0, 68, 64
2, 45360, Note_on_c, 0, 68, 0
2, 45360, Note_on_c, 0, 73, 64
2, 45480, Note_on_c, 0, 73, 0
2, 45480, Note_on_c, 0, 71, 64
2, 45600, Note_on_c, 0, 71, 0
2, 45600, Note_on_c, 0, 70, 64
2, 46190, Note_on_c, 0, 70, 0
2, 46200, Note_on_c, 0, 70, 64
2, 46260, Note_on_c, 0, 70, 0
2, 46260, Note_on_c, 0, 66, 64
2, 46320, Note_on_c, 0, 66, 0
2, 46320, Note_on_c, 0, 63, 64
2, 46670, Note_on_c, 0, 63, 0
2, 46680, Note_on_c, 0, 63, 64
2, 46800, Note_on_c, 0, 63, 0
2, 46800, Note_on_c, 0, 68, 64
2, 47150, Note_on_c, 0, 68, 0
2, 47160, Note_on_c, 0, 68, 64
2, 47220, Note_on_c, 0, 68, 0
2, 47220, Note_on_c, 0, 65, 64
2, 47280, Note_on_c, 0, 65, 0
2, 47280, Note_on_c, 0, 62, 64
2, 47640, Note_on_c, 0, 62, 0
2, 47640, Note_on_c, 0, 58, 64
2, 47760, Note_on_c, 0, 58, 0
2, 47760, Note_on_c, 0, 66, 64
2, 48060, Note_on_c, 0, 66, 0
2, 48060, Note_on_c, 0, 65, 64
2, 48120, Note_on_c, 0, 65, 0
2, 48120, Note_on_c, 0, 66, 64
2, 48180, Note_on_c, 0, 66, 0
2, 48180, Note_on_c, 0, 63, 64
2, 48240, Note_on_c, 0, 63, 0
2, 48240, Note_on_c, 0, 75, 64
2, 48540, Note_on_c, 0, 73, 64
2, 48544, Note_on_c, 0, 75, 0
2, 48600, Note_on_c, 0, 73, 0
2, 48600, Note_on_c, 0, 72, 64
2, 48660, Note_on_c, 0, 72, 0
2, 48660, Note_on_c, 0, 75, 64
2, 48720, Note_on_c, 0, 75, 0
2, 48720, Note_on_c, 0, 73, 64
2, 48780, Note_on_c, 0, 73, 0
2, 48780, Note_on_c, 0, 68, 64
2, 48840, Note_on_c, 0, 68, 0
2, 48840, Note_on_c, 0, 70, 64
2, 48900, Note_on_c, 0, 70, 0
2, 48900, Note_on_c, 0, 71, 64
2, 48960, Note_on_c, 0, 71, 0
2, 48960, Note_on_c, 0, 70, 64
2, 49020, Note_on_c, 0, 70, 0
2, 49020, Note_on_c, 0, 68, 64
2, 49080, Note_on_c, 0, 68, 0
2, 49080, Note_on_c, 0, 66, 64
2, 49140, Note_on_c, 0, 66, 0
2, 49140, Note_on_c, 0, 68, 64
2, 49200, Note_on_c, 0, 68, 0
2, 49200, Note_on_c, 0, 77, 64
2, 49320, Note_on_c, 0, 77, 0
2, 49320, Note_on_c, 0, 73, 64
2, 49440, Note_on_c, 0, 73, 0
2, 49440, Note_on_c, 0, 68, 64
2, 49560, Note_on_c, 0, 68, 0
2, 49560, Note_on_c, 0, 66, 64
2, 49620, Note_on_c, 0, 66, 0
2, 49620, Note_on_c, 0, 65, 64
2, 49680, Note_on_c, 0, 65, 0
2, 49680, Note_on_c, 0, 66, 64
2, 49800, Note_on_c, 0, 66, 0
2, 49800, Note_on_c, 0, 75, 64
2, 49920, Note_on_c, 0, 75, 0
2, 49920, Note_on_c, 0, 65, 64
2, 49920, Note_on_c, 0, 65, 64
2, 50040, Note_on_c, 0, 65, 0
2, 50040, Note_on_c, 0, 65, 0
2, 50040, Note_on_c, 0, 73, 64
2, 50160, Note_on_c, 0, 73, 0
2, 50160, Note_on_c, 0, 63, 64
2, 50280, Note_on_c, 0, 63, 0
2, 50280, Note_on_c, 0, 72, 64
2, 50400, Note_on_c, 0, 72, 0
2, 50400, Note_on_c, 0, 61, 64
2, 50460, Note_on_c, 0, 61, 0
2, 50460, Note_on_c, 0, 65, 64
2, 50520, Note_on_c, 0, 65, 0
2, 50520, Note_on_c, 0, 66, 64
2, 50580, Note_on_c, 0, 66, 0
2, 50580, Note_on_c, 0, 68, 64
2, 50640, Note_on_c, 0, 68, 0
2, 50640, Note_on_c, 0, 70, 64
2, 50700, Note_on_c, 0, 70, 0
2, 50700, Note_on_c, 0, 72, 64
2, 50760, Note_on_c, 0, 72, 0
2, 50760, Note_on_c, 0, 73, 64
2, 50820, Note_on_c, 0, 73, 0
2, 50820, Note_on_c, 0, 75, 64
2, 50880, Note_on_c, 0, 75, 0
2, 50880, Note_on_c, 0, 76, 64
2, 50940, Note_on_c, 0, 76, 0
2, 50940, Note_on_c, 0, 75, 64
2, 51000, Note_on_c, 0, 75, 0
2, 51000, Note_on_c, 0, 73, 64
2, 51060, Note_on_c, 0, 73, 0
2, 51060, Note_on_c, 0, 75, 64
2, 51120, Note_on_c, 0, 75, 0
2, 51120, Note_on_c, 0, 76, 64
2, 51180, Note_on_c, 0, 76, 0
2, 51180, Note_on_c, 0, 79, 64
2, 51240, Note_on_c, 0, 79, 0
2, 51240, Note_on_c, 0, 80, 64
2, 51300, Note_on_c, 0, 80, 0
2, 51300, Note_on_c, 0, 82, 64
2, 51360, Note_on_c, 0, 82, 0
2, 51360, Note_on_c, 0, 73, 64
2, 51420, Note_on_c, 0, 73, 0
2, 51420, Note_on_c, 0, 72, 64
2, 51480, Note_on_c, 0, 72, 0
2, 51480, Note_on_c, 0, 70, 64
2, 51540, Note_on_c, 0, 70, 0
2, 51540, Note_on_c, 0, 68, 64
2, 51600, Note_on_c, 0, 68, 0
2, 51600, Note_on_c, 0, 75, 64
2, 51720, Note_on_c, 0, 75, 0
2, 51720, Note_on_c, 0, 66, 64
2, 51840, Note_on_c, 0, 66, 0
2, 51840, Note_on_c, 0, 65, 64
2, 51950, Note_on_c, 0, 65, 0
2, 51960, Note_on_c, 0, 73, 64
2, 52070, Note_on_c, 0, 73, 0
2, 52080, Note_on_c, 0, 63, 64
2, 52200, Note_on_c, 0, 72, 64
2, 52310, Note_on_c, 0, 72, 0
2, 52310, Note_on_c, 0, 63, 0
2, 52320, Note_on_c, 0, 73, 64
2, 52800, Note_on_c, 0, 73, 0
2, 52800, End_track
3, 0, Start_track
3, 0, MIDI_port, 0
3, 0, Title_t, "RH L"
3, 0, Program_c, 1, 6
3, 2280, Note_on_c, 1, 61, 64
3, 2400, Note_on_c, 1, 61, 0
3, 2400, Note_on_c, 1, 65, 64
3, 2460, Note_on_c, 1, 65, 0
3, 2460, Note_on_c, 1, 63, 64
3, 2520, Note_on_c, 1, 63, 0
3, 2520, Note_on_c, 1, 61, 64
3, 2580, Note_on_c, 1, 61, 0
3, 2580, Note_on_c, 1, 63, 64
3, 2640, Note_on_c, 1, 63, 0
3, 2640, Note_on_c, 1, 72, 64
3, 2760, Note_on_c, 1, 72, 0
3, 2760, Note_on_c, 1, 68, 64
3, 2880, Note_on_c, 1, 68, 0
3, 2880, Note_on_c, 1, 63, 64
3, 3000, Note_on_c, 1, 63, 0
3, 3000, Note_on_c, 1, 61, 64
3, 3060, Note_on_c, 1, 61, 0
3, 3060, Note_on_c, 1, 60, 64
3, 3120, Note_on_c, 1, 60, 0
3, 3120, Note_on_c, 1, 61, 64
3, 3240, Note_on_c, 1, 61, 0
3, 3240, Note_on_c, 1, 70, 64
3, 3360, Note_on_c, 1, 70, 0
3, 3360, Note_on_c, 1, 60, 64
3, 3480, Note_on_c, 1, 60, 0
3, 3480, Note_on_c, 1, 68, 64
3, 3600, Note_on_c, 1, 68, 0
3, 3600, Note_on_c, 1, 58, 64
3, 3720, Note_on_c, 1, 58, 0
3, 3720, Note_on_c, 1, 67, 64
3, 3840, Note_on_c, 1, 67, 0
3, 3840, Note_on_c, 1, 56, 64
3, 3960, Note_on_c, 1, 56, 0
3, 3960, Note_on_c, 1, 68, 64
3, 4020, Note_on_c, 1, 68, 0
3, 4020, Note_on_c, 1, 67, 64
3, 4080, Note_on_c, 1, 67, 0
3, 4080, Note_on_c, 1, 68, 64
3, 4140, Note_on_c, 1, 68, 0
3, 4140, Note_on_c, 1, 70, 64
3, 4200, Note_on_c, 1, 70, 0
3, 4200, Note_on_c, 1, 72, 64
3, 4260, Note_on_c, 1, 72, 0
3, 4260, Note_on_c, 1, 68, 64
3, 4320, Note_on_c, 1, 68, 0
3, 4320, Note_on_c, 1, 73, 64
3, 4380, Note_on_c, 1, 73, 0
3, 4380, Note_on_c, 1, 72, 64
3, 4440, Note_on_c, 1, 72, 0
3, 4440, Note_on_c, 1, 70, 64
3, 4500, Note_on_c, 1, 70, 0
3, 4500, Note_on_c, 1, 72, 64
3, 4560, Note_on_c, 1, 72, 0
3, 4560, Note_on_c, 1, 73, 64
3, 4620, Note_on_c, 1, 73, 0
3, 4620, Note_on_c, 1, 72, 64
3, 4680, Note_on_c, 1, 72, 0
3, 4680, Note_on_c, 1, 70, 64
3, 4740, Note_on_c, 1, 70, 0
3, 4740, Note_on_c, 1, 68, 64
3, 4800, Note_on_c, 1, 68, 0
3, 4800, Note_on_c, 1, 70, 64
3, 5100, Note_on_c, 1, 70, 0
3, 5100, Note_on_c, 1, 68, 64
3, 5160, Note_on_c, 1, 68, 0
3, 5160, Note_on_c, 1, 66, 64
3, 5220, Note_on_c, 1, 66, 0
3, 5220, Note_on_c, 1, 70, 64
3, 5280, Note_on_c, 1, 70, 0
3, 5280, Note_on_c, 1, 68, 64
3, 5340, Note_on_c, 1, 68, 0
3, 5340, Note_on_c, 1, 66, 64
3, 5400, Note_on_c, 1, 66, 0
3, 5400, Note_on_c, 1, 65, 64
3, 5460, Note_on_c, 1, 65, 0
3, 5460, Note_on_c, 1, 68, 64
3, 5520, Note_on_c, 1, 68, 0
3, 5520, Note_on_c, 1, 66, 64
3, 5580, Note_on_c, 1, 66, 0
3, 5580, Note_on_c, 1, 65, 64
3, 5640, Note_on_c, 1, 65, 0
3, 5640, Note_on_c, 1, 66, 64
3, 5700, Note_on_c, 1, 66, 0
3, 5700, Note_on_c, 1, 63, 64
3, 5760, Note_on_c, 1, 63, 0
3, 5760, Note_on_c, 1, 65, 64
3, 6000, Note_on_c, 1, 65, 0
3, 6120, Note_on_c, 1, 68, 64
3, 6240, Note_on_c, 1, 73, 64
3, 6246, Note_on_c, 1, 68, 0
3, 6545, Note_on_c, 1, 73, 0
3, 6600, Note_on_c, 1, 73, 64
3, 6660, Note_on_c, 1, 73, 0
3, 6660, Note_on_c, 1, 70, 64
3, 6720, Note_on_c, 1, 70, 0
3, 6720, Note_on_c, 1, 63, 64
3, 6960, Note_on_c, 1, 63, 0
3, 7080, Note_on_c, 1, 67, 64
3, 7200, Note_on_c, 1, 67, 0
3, 7200, Note_on_c, 1, 72, 64
3, 7550, Note_on_c, 1, 72, 0
3, 7560, Note_on_c, 1, 72, 64
3, 7620, Note_on_c, 1, 72, 0
3, 7620, Note_on_c, 1, 68, 64
3, 7680, Note_on_c, 1, 68, 0
3, 7680, Note_on_c, 1, 61, 64
3, 8040, Note_on_c, 1, 61, 0
3, 8040, Note_on_c, 1, 65, 64
3, 8160, Note_on_c, 1, 65, 0
3, 8160, Note_on_c, 1, 70, 64
3, 8460, Note_on_c, 1, 70, 0
3, 8460, Note_on_c, 1, 73, 64
3, 8520, Note_on_c, 1, 73, 0
3, 8520, Note_on_c, 1, 75, 64
3, 8580, Note_on_c, 1, 75, 0
3, 8580, Note_on_c, 1, 70, 64
3, 8640, Note_on_c, 1, 70, 0
3, 8640, Note_on_c, 1, 72, 64
3, 8880, Note_on_c, 1, 72, 0
3, 9000, Note_on_c, 1, 68, 64
3, 9180, Note_on_c, 1, 68, 0
3, 9180, Note_on_c, 1, 67, 64
3, 9240, Note_on_c, 1, 67, 0
3, 9240, Note_on_c, 1, 65, 64
3, 9300, Note_on_c, 1, 65, 0
3, 9300, Note_on_c, 1, 67, 64
3, 9360, Note_on_c, 1, 67, 0
3, 9360, Note_on_c, 1, 68, 64
3, 9420, Note_on_c, 1, 68, 0
3, 9420, Note_on_c, 1, 66, 64
3, 9480, Note_on_c, 1, 66, 0
3, 9480, Note_on_c, 1, 65, 64
3, 9540, Note_on_c, 1, 65, 0
3, 9540, Note_on_c, 1, 63, 64
3, 9600, Note_on_c, 1, 63, 0
3, 9600, Note_on_c, 1, 65, 64
3, 9900, Note_on_c, 1, 65, 0
3, 9900, Note_on_c, 1, 63, 64
3, 9960, Note_on_c, 1, 63, 0
3, 9960, Note_on_c, 1, 61, 64
3, 10020, Note_on_c, 1, 61, 0
3, 10020, Note_on_c, 1, 65, 64
3, 10080, Note_on_c, 1, 65, 0
3, 10080, Note_on_c, 1, 63, 64
3, 10140, Note_on_c, 1, 63, 0
3, 10140, Note_on_c, 1, 61, 64
3, 10200, Note_on_c, 1, 61, 0
3, 10200, Note_on_c, 1, 60, 64
3, 10260, Note_on_c, 1, 60, 0
3, 10260, Note_on_c, 1, 63, 64
3, 10320, Note_on_c, 1, 63, 0
3, 10320, Note_on_c, 1, 61, 64
3, 10380, Note_on_c, 1, 61, 0
3, 10380, Note_on_c, 1, 60, 64
3, 10440, Note_on_c, 1, 60, 0
3, 10440, Note_on_c, 1, 61, 64
3, 10500, Note_on_c, 1, 61, 0
3, 10500, Note_on_c, 1, 58, 64
3, 10560, Note_on_c, 1, 58, 0
3, 10560, Note_on_c, 1, 60, 64
3, 10680, Note_on_c, 1, 60, 0
3, 10680, Note_on_c, 1, 63, 64
3, 10800, Note_on_c, 1, 63, 0
3, 10800, Note_on_c, 1, 68, 64
3, 10920, Note_on_c, 1, 68, 0
3, 11160, Note_on_c, 1, 59, 64
3, 11220, Note_on_c, 1, 59, 0
3, 11220, Note_on_c, 1, 56, 64
3, 11280, Note_on_c, 1, 56, 0
3, 11280, Note_on_c, 1, 53, 64
3, 11514, Note_on_c, 1, 53, 0
3, 11640, Note_on_c, 1, 53, 64
3, 11700, Note_on_c, 1, 53, 0
3, 11700, Note_on_c, 1, 56, 64
3, 11760, Note_on_c, 1, 56, 0
3, 11760, Note_on_c, 1, 59, 64
3, 12000, Note_on_c, 1, 59, 0
3, 12000, Note_on_c, 1, 58, 64
3, 12120, Note_on_c, 1, 58, 0
3, 12120, Note_on_c, 1, 59, 64
3, 12240, Note_on_c, 1, 59, 0
3, 12240, Note_on_c, 1, 58, 64
3, 12360, Note_on_c, 1, 58, 0
3, 12360, Note_on_c, 1, 50, 64
3, 12480, Note_on_c, 1, 50, 0
3, 12480, Note_on_c, 1, 51, 64
3, 12720, Note_on_c, 1, 51, 0
3, 14760, Note_on_c, 1, 65, 64
3, 14880, Note_on_c, 1, 65, 0
3, 14880, Note_on_c, 1, 70, 64
3, 15180, Note_on_c, 1, 70, 0
3, 15180, Note_on_c, 1, 73, 64
3, 15240, Note_on_c, 1, 73, 0
3, 15240, Note_on_c, 1, 75, 64
3, 15300, Note_on_c, 1, 75, 0
3, 15300, Note_on_c, 1, 70, 64
3, 15360, Note_on_c, 1, 70, 0
3, 15360, Note_on_c, 1, 72, 64
3, 15480, Note_on_c, 1, 72, 0
3, 15720, Note_on_c, 1, 63, 64
3, 15840, Note_on_c, 1, 63, 0
3, 15840, Note_on_c, 1, 68, 64
3, 16140, Note_on_c, 1, 68, 0
3, 16140, Note_on_c, 1, 72, 64
3, 16200, Note_on_c, 1, 72, 0
3, 16200, Note_on_c, 1, 73, 64
3, 16260, Note_on_c, 1, 73, 0
3, 16260, Note_on_c, 1, 68, 64
3, 16320, Note_on_c, 1, 68, 0
3, 16320, Note_on_c, 1, 70, 64
3, 16440, Note_on_c, 1, 70, 0
3, 16680, Note_on_c, 1, 61, 64
3, 16800, Note_on_c, 1, 61, 0
3, 16800, Note_on_c, 1, 67, 64
3, 17100, Note_on_c, 1, 67, 0
3, 17100, Note_on_c, 1, 70, 64
3, 17160, Note_on_c, 1, 70, 0
3, 17160, Note_on_c, 1, 73, 64
3, 17220, Note_on_c, 1, 73, 0
3, 17220, Note_on_c, 1, 67, 64
3, 17280, Note_on_c, 1, 67, 0
3, 17280, Note_on_c, 1, 68, 64
3, 17520, Note_on_c, 1, 68, 0
3, 17640, Note_on_c, 1, 60, 64
3, 17760, Note_on_c, 1, 60, 0
3, 17760, Note_on_c, 1, 61, 64
3, 17820, Note_on_c, 1, 61, 0
3, 17820, Note_on_c, 1, 60, 64
3, 17880, Note_on_c, 1, 60, 0
3, 17880, Note_on_c, 1, 58, 64
3, 17940, Note_on_c, 1, 58, 0
3, 17940, Note_on_c, 1, 60, 64
3, 18000, Note_on_c, 1, 60, 0
3, 18120, Note_on_c, 1, 65, 64
3, 18240, Note_on_c, 1, 65, 0
3, 18240, Note_on_c, 1, 60, 64
3, 18360, Note_on_c, 1, 60, 0
3, 18360, Note_on_c, 1, 58, 64
3, 18420, Note_on_c, 1, 58, 0
3, 18420, Note_on_c, 1, 56, 64
3, 18480, Note_on_c, 1, 56, 0
3, 18480, Note_on_c, 1, 58, 64
3, 18600, Note_on_c, 1, 58, 0
3, 18600, Note_on_c, 1, 67, 64
3, 18720, Note_on_c, 1, 67, 0
3, 18720, Note_on_c, 1, 56, 64
3, 18840, Note_on_c, 1, 56, 0
3, 18960, Note_on_c, 1, 55, 64
3, 19080, Note_on_c, 1, 55, 0
3, 19080, Note_on_c, 1, 64, 64
3, 19200, Note_on_c, 1, 64, 0
3, 19200, Note_on_c, 1, 53, 64
3, 19440, Note_on_c, 1, 53, 0
3, 19560, Note_on_c, 1, 52, 64
3, 19680, Note_on_c, 1, 52, 0
3, 19680, Note_on_c, 1, 53, 64
3, 19800, Note_on_c, 1, 53, 0
3, 19800, Note_on_c, 1, 52, 64
3, 19920, Note_on_c, 1, 52, 0
3, 19920, Note_on_c, 1, 53, 64
3, 20040, Note_on_c, 1, 53, 0
3, 20040, Note_on_c, 1, 58, 64
3, 20160, Note_on_c, 1, 58, 0
3, 20160, Note_on_c, 1, 56, 64
3, 20280, Note_on_c, 1, 56, 0
3, 20280, Note_on_c, 1, 55, 64
3, 20340, Note_on_c, 1, 55, 0
3, 20340, Note_on_c, 1, 53, 64
3, 20400, Note_on_c, 1, 53, 0
3, 20400, Note_on_c, 1, 55, 64
3, 20520, Note_on_c, 1, 55, 0
3, 20520, Note_on_c, 1, 58, 64
3, 20640, Note_on_c, 1, 58, 0
3, 20640, Note_on_c, 1, 56, 64
3, 20700, Note_on_c, 1, 56, 0
3, 20700, Note_on_c, 1, 58, 64
3, 20760, Note_on_c, 1, 58, 0
3, 20760, Note_on_c, 1, 60, 64
3, 20820, Note_on_c, 1, 60, 0
3, 20820, Note_on_c, 1, 56, 64
3, 20880, Note_on_c, 1, 56, 0
3, 20880, Note_on_c, 1, 53, 64
3, 20940, Note_on_c, 1, 53, 0
3, 20940, Note_on_c, 1, 54, 64
3, 21000, Note_on_c, 1, 54, 0
3, 21000, Note_on_c, 1, 56, 64
3, 21060, Note_on_c, 1, 56, 0
3, 21060, Note_on_c, 1, 53, 64
3, 21120, Note_on_c, 1, 53, 0
3, 21120, Note_on_c, 1, 50, 64
3, 21180, Note_on_c, 1, 50, 0
3, 21180, Note_on_c, 1, 51, 64
3, 21240, Note_on_c, 1, 51, 0
3, 21240, Note_on_c, 1, 53, 64
3, 21300, Note_on_c, 1, 53, 0
3, 21300, Note_on_c, 1, 50, 64
3, 21360, Note_on_c, 1, 50, 0
3, 21360, Note_on_c, 1, 46, 64
3, 21420, Note_on_c, 1, 46, 0
3, 21420, Note_on_c, 1, 50, 64
3, 21480, Note_on_c, 1, 50, 0
3, 21480, Note_on_c, 1, 53, 64
3, 21540, Note_on_c, 1, 53, 0
3, 21540, Note_on_c, 1, 58, 64
3, 21600, Note_on_c, 1, 58, 0
3, 21600, Note_on_c, 1, 51, 64
3, 21660, Note_on_c, 1, 51, 0
3, 21660, Note_on_c, 1, 54, 64
3, 21720, Note_on_c, 1, 54, 0
3, 21720, Note_on_c, 1, 58, 64
3, 21780, Note_on_c, 1, 58, 0
3, 21780, Note_on_c, 1, 62, 64
3, 21840, Note_on_c, 1, 62, 0
3, 21840, Note_on_c, 1, 63, 64
3, 21900, Note_on_c, 1, 63, 0
3, 21900, Note_on_c, 1, 65, 64
3, 21960, Note_on_c, 1, 65, 0
3, 21960, Note_on_c, 1, 66, 64
3, 22020, Note_on_c, 1, 66, 0
3, 22020, Note_on_c, 1, 63, 64
3, 22080, Note_on_c, 1, 63, 0
3, 22080, Note_on_c, 1, 60, 64
3, 22140, Note_on_c, 1, 60, 0
3, 22140, Note_on_c, 1, 61, 64
3, 22200, Note_on_c, 1, 61, 0
3, 22200, Note_on_c, 1, 63, 64
3, 22260, Note_on_c, 1, 63, 0
3, 22260, Note_on_c, 1, 60, 64
3, 22320, Note_on_c, 1, 60, 0
3, 22320, Note_on_c, 1, 56, 64
3, 22610, Note_on_c, 1, 56, 0
3, 22620, Note_on_c, 1, 56, 64
3, 22680, Note_on_c, 1, 56, 0
3, 22680, Note_on_c, 1, 58, 64
3, 22740, Note_on_c, 1, 58, 0
3, 22740, Note_on_c, 1, 60, 64
3, 22800, Note_on_c, 1, 60, 0
3, 22800, Note_on_c, 1, 61, 64
3, 22920, Note_on_c, 1, 61, 0
3, 23280, Note_on_c, 1, 72, 64
3, 23760, Note_on_c, 1, 72, 0
3, 23760, Note_on_c, 1, 70, 64
3, 24120, Note_on_c, 1, 70, 0
3, 24120, Note_on_c, 1, 68, 64
3, 24240, Note_on_c, 1, 68, 0
3, 24240, Note_on_c, 1, 67, 64
3, 24360, Note_on_c, 1, 67, 0
3, 24360, Note_on_c, 1, 70, 64
3, 24480, Note_on_c, 1, 70, 0
3, 24480, Note_on_c, 1, 63, 64
3, 24540, Note_on_c, 1, 63, 0
3, 24840, Note_on_c, 1, 56, 64
3, 24960, Note_on_c, 1, 56, 0
3, 24960, Note_on_c, 1, 58, 64
3, 25020, Note_on_c, 1, 58, 0
3, 25020, Note_on_c, 1, 56, 64
3, 25080, Note_on_c, 1, 56, 0
3, 25080, Note_on_c, 1, 54, 64
3, 25140, Note_on_c, 1, 54, 0
3, 25140, Note_on_c, 1, 56, 64
3, 25200, Note_on_c, 1, 56, 0
3, 25200, Note_on_c, 1, 65, 64
3, 25320, Note_on_c, 1, 65, 0
3, 25320, Note_on_c, 1, 61, 64
3, 25440, Note_on_c, 1, 61, 0
3, 25440, Note_on_c, 1, 56, 64
3, 25560, Note_on_c, 1, 56, 0
3, 25560, Note_on_c, 1, 54, 64
3, 25620, Note_on_c, 1, 54, 0
3, 25620, Note_on_c, 1, 53, 64
3, 25680, Note_on_c, 1, 53, 0
3, 25680, Note_on_c, 1, 54, 64
3, 25800, Note_on_c, 1, 54, 0
3, 25800, Note_on_c, 1, 63, 64
3, 25920, Note_on_c, 1, 63, 0
3, 25920, Note_on_c, 1, 53, 64
3, 26040, Note_on_c, 1, 53, 0
3, 26040, Note_on_c, 1, 61, 64
3, 26160, Note_on_c, 1, 61, 0
3, 26280, Note_on_c, 1, 60, 64
3, 26400, Note_on_c, 1, 60, 0
3, 26400, Note_on_c, 1, 61, 64
3, 26520, Note_on_c, 1, 61, 0
3, 26760, Note_on_c, 1, 80, 64
3, 26820, Note_on_c, 1, 80, 0
3, 26820, Note_on_c, 1, 77, 64
3, 26880, Note_on_c, 1, 77, 0
3, 26880, Note_on_c, 1, 73, 64
3, 27120, Note_on_c, 1, 73, 0
3, 27240, Note_on_c, 1, 73, 64
3, 27300, Note_on_c, 1, 73, 0
3, 27300, Note_on_c, 1, 70, 64
3, 27360, Note_on_c, 1, 70, 0
3, 27360, Note_on_c, 1, 67, 64
3, 27600, Note_on_c, 1, 67, 0
3, 27720, Note_on_c, 1, 73, 64
3, 27840, Note_on_c, 1, 73, 0
3, 27840, Note_on_c, 1, 71, 64
3, 28080, Note_on_c, 1, 71, 0
3, 28080, Note_on_c, 1, 70, 64
3, 28320, Note_on_c, 1, 70, 0
3, 28920, Note_on_c, 1, 59, 64
3, 28980, Note_on_c, 1, 59, 0
3, 28980, Note_on_c, 1, 56, 64
3, 29040, Note_on_c, 1, 56, 0
3, 29040, Note_on_c, 1, 53, 64
3, 29160, Note_on_c, 1, 53, 0
3, 29400, Note_on_c, 1, 58, 64
3, 29460, Note_on_c, 1, 58, 0
3, 29460, Note_on_c, 1, 54, 64
3, 29520, Note_on_c, 1, 54, 0
3, 29520, Note_on_c, 1, 51, 64
3, 29640, Note_on_c, 1, 51, 0
3, 29880, Note_on_c, 1, 58, 64
3, 29940, Note_on_c, 1, 58, 0
3, 29940, Note_on_c, 1, 54, 64
3, 30000, Note_on_c, 1, 54, 0
3, 30000, Note_on_c, 1, 51, 64
3, 30120, Note_on_c, 1, 51, 0
3, 30360, Note_on_c, 1, 56, 64
3, 30420, Note_on_c, 1, 56, 0
3, 30420, Note_on_c, 1, 53, 64
3, 30480, Note_on_c, 1, 53, 0
3, 30480, Note_on_c, 1, 50, 64
3, 30600, Note_on_c, 1, 50, 0
3, 30840, Note_on_c, 1, 56, 64
3, 30900, Note_on_c, 1, 56, 0
3, 30900, Note_on_c, 1, 53, 64
3, 30960, Note_on_c, 1, 53, 0
3, 30960, Note_on_c, 1, 50, 64
3, 31080, Note_on_c, 1, 50, 0
3, 31320, Note_on_c, 1, 54, 64
3, 31380, Note_on_c, 1, 54, 0
3, 31380, Note_on_c, 1, 51, 64
3, 31440, Note_on_c, 1, 51, 0
3, 31440, Note_on_c, 1, 48, 64
3, 31560, Note_on_c, 1, 48, 0
3, 31800, Note_on_c, 1, 54, 64
3, 31860, Note_on_c, 1, 54, 0
3, 31860, Note_on_c, 1, 51, 64
3, 31920, Note_on_c, 1, 51, 0
3, 31920, Note_on_c, 1, 48, 64
3, 32040, Note_on_c, 1, 48, 0
3, 41640, Note_on_c, 1, 61, 64
3, 41700, Note_on_c, 1, 61, 0
3, 41700, Note_on_c, 1, 63, 64
3, 41760, Note_on_c, 1, 63, 0
3, 41760, Note_on_c, 1, 65, 64
3, 41820, Note_on_c, 1, 65, 0
3, 41820, Note_on_c, 1, 63, 64
3, 41880, Note_on_c, 1, 63, 0
3, 41880, Note_on_c, 1, 61, 64
3, 41940, Note_on_c, 1, 61, 0
3, 41940, Note_on_c, 1, 63, 64
3, 42000, Note_on_c, 1, 63, 0
3, 42000, Note_on_c, 1, 72, 64
3, 42120, Note_on_c, 1, 72, 0
3, 42120, Note_on_c, 1, 68, 64
3, 42240, Note_on_c, 1, 68, 0
3, 42240, Note_on_c, 1, 63, 64
3, 42360, Note_on_c, 1, 63, 0
3, 42360, Note_on_c, 1, 61, 64
3, 42420, Note_on_c, 1, 61, 0
3, 42420, Note_on_c, 1, 60, 64
3, 42480, Note_on_c, 1, 60, 0
3, 42480, Note_on_c, 1, 61, 64
3, 42600, Note_on_c, 1, 61, 0
3, 42600, Note_on_c, 1, 70, 64
3, 42720, Note_on_c, 1, 70, 0
3, 42720, Note_on_c, 1, 60, 64
3, 42840, Note_on_c, 1, 60, 0
3, 42840, Note_on_c, 1, 68, 64
3, 42960, Note_on_c, 1, 68, 0
3, 42960, Note_on_c, 1, 58, 64
3, 43080, Note_on_c, 1, 58, 0
3, 43080, Note_on_c, 1, 67, 64
3, 43200, Note_on_c, 1, 67, 0
3, 43200, Note_on_c, 1, 56, 64
3, 43320, Note_on_c, 1, 56, 0
3, 43320, Note_on_c, 1, 68, 64
3, 43380, Note_on_c, 1, 68, 0
3, 43380, Note_on_c, 1, 66, 64
3, 43440, Note_on_c, 1, 66, 0
3, 43440, Note_on_c, 1, 68, 64
3, 43500, Note_on_c, 1, 68, 0
3, 43500, Note_on_c, 1, 70, 64
3, 43560, Note_on_c, 1, 70, 0
3, 43560, Note_on_c, 1, 72, 64
3, 43620, Note_on_c, 1, 72, 0
3, 43620, Note_on_c, 1, 68, 64
3, 43680, Note_on_c, 1, 68, 0
3, 43680, Note_on_c, 1, 73, 64
3, 43740, Note_on_c, 1, 73, 0
3, 43740, Note_on_c, 1, 72, 64
3, 43800, Note_on_c, 1, 72, 0
3, 43800, Note_on_c, 1, 70, 64
3, 43860, Note_on_c, 1, 70, 0
3, 43860, Note_on_c, 1, 72, 64
3, 43920, Note_on_c, 1, 72, 0
3, 43920, Note_on_c, 1, 73, 64
3, 43980, Note_on_c, 1, 73, 0
3, 43980, Note_on_c, 1, 72, 64
3, 44040, Note_on_c, 1, 72, 0
3, 44040, Note_on_c, 1, 70, 64
3, 44100, Note_on_c, 1, 70, 0
3, 44100, Note_on_c, 1, 68, 64
3, 44160, Note_on_c, 1, 68, 0
3, 44160, Note_on_c, 1, 70, 64
3, 44460, Note_on_c, 1, 68, 64
3, 44461, Note_on_c, 1, 70, 0
3, 44520, Note_on_c, 1, 68, 0
3, 44520, Note_on_c, 1, 66, 64
3, 44580, Note_on_c, 1, 66, 0
3, 44580, Note_on_c, 1, 70, 64
3, 44640, Note_on_c, 1, 70, 0
3, 44640, Note_on_c, 1, 68, 64
3, 44700, Note_on_c, 1, 68, 0
3, 44700, Note_on_c, 1, 66, 64
3, 44760, Note_on_c, 1, 66, 0
3, 44760, Note_on_c, 1, 65, 64
3, 44820, Note_on_c, 1, 65, 0
3, 44820, Note_on_c, 1, 68, 64
3, 44880, Note_on_c, 1, 68, 0
3, 44880, Note_on_c, 1, 66, 64
3, 44940, Note_on_c, 1, 66, 0
3, 44940, Note_on_c, 1, 65, 64
3, 45000, Note_on_c, 1, 65, 0
3, 45000, Note_on_c, 1, 66, 64
3, 45060, Note_on_c, 1, 66, 0
3, 45060, Note_on_c, 1, 63, 64
3, 45120, Note_on_c, 1, 63, 0
3, 45120, Note_on_c, 1, 65, 64
3, 45720, Note_on_c, 1, 65, 0
3, 45720, Note_on_c, 1, 61, 64
3, 45840, Note_on_c, 1, 61, 0
3, 45840, Note_on_c, 1, 66, 64
3, 45960, Note_on_c, 1, 66, 0
3, 45960, Note_on_c, 1, 65, 64
3, 46080, Note_on_c, 1, 65, 0
3, 46080, Note_on_c, 1, 66, 64
3, 46320, Note_on_c, 1, 66, 0
3, 46440, Note_on_c, 1, 66, 64
3, 46500, Note_on_c, 1, 66, 0
3, 46500, Note_on_c, 1, 63, 64
3, 46560, Note_on_c, 1, 63, 0
3, 46560, Note_on_c, 1, 56, 64
3, 46800, Note_on_c, 1, 56, 0
3, 46920, Note_on_c, 1, 60, 64
3, 47040, Note_on_c, 1, 60, 0
3, 47040, Note_on_c, 1, 65, 64
3, 47280, Note_on_c, 1, 65, 0
3, 47400, Note_on_c, 1, 65, 64
3, 47460, Note_on_c, 1, 65, 0
3, 47460, Note_on_c, 1, 62, 64
3, 47520, Note_on_c, 1, 62, 0
3, 47520, Note_on_c, 1, 54, 64
3, 47760, Note_on_c, 1, 54, 0
3, 47880, Note_on_c, 1, 58, 64
3, 48000, Note_on_c, 1, 58, 0
3, 48000, Note_on_c, 1, 63, 64
3, 48300, Note_on_c, 1, 66, 64
3, 48307, Note_on_c, 1, 63, 0
3, 48360, Note_on_c, 1, 66, 0
3, 48360, Note_on_c, 1, 68, 64
3, 48420, Note_on_c, 1, 68, 0
3, 48420, Note_on_c, 1, 63, 64
3, 48480, Note_on_c, 1, 63, 0
3, 48480, Note_on_c, 1, 65, 64
3, 48720, Note_on_c, 1, 65, 0
3, 48840, Note_on_c, 1, 61, 64
3, 49020, Note_on_c, 1, 61, 0
3, 49020, Note_on_c, 1, 60, 64
3, 49080, Note_on_c, 1, 60, 0
3, 49080, Note_on_c, 1, 58, 64
3, 49140, Note_on_c, 1, 58, 0
3, 49140, Note_on_c, 1, 60, 64
3, 49200, Note_on_c, 1, 60, 0
3, 49200, Note_on_c, 1, 61, 64
3, 49260, Note_on_c, 1, 61, 0
3, 49260, Note_on_c, 1, 60, 64
3, 49320, Note_on_c, 1, 60, 0
3, 49320, Note_on_c, 1, 58, 64
3, 49380, Note_on_c, 1, 58, 0
3, 49380, Note_on_c, 1, 56, 64
3, 49440, Note_on_c, 1, 56, 0
3, 49440, Note_on_c, 1, 58, 64
3, 49740, Note_on_c, 1, 58, 0
3, 49740, Note_on_c, 1, 56, 64
3, 49800, Note_on_c, 1, 56, 0
3, 49800, Note_on_c, 1, 54, 64
3, 49860, Note_on_c, 1, 54, 0
3, 49860, Note_on_c, 1, 58, 64
3, 49920, Note_on_c, 1, 58, 0
3, 49920, Note_on_c, 1, 56, 64
3, 49980, Note_on_c, 1, 56, 0
3, 49980, Note_on_c, 1, 54, 64
3, 50040, Note_on_c, 1, 54, 0
3, 50040, Note_on_c, 1, 53, 64
3, 50100, Note_on_c, 1, 53, 0
3, 50100, Note_on_c, 1, 56, 64
3, 50160, Note_on_c, 1, 56, 0
3, 50160, Note_on_c, 1, 54, 64
3, 50220, Note_on_c, 1, 54, 0
3, 50220, Note_on_c, 1, 53, 64
3, 50280, Note_on_c, 1, 53, 0
3, 50280, Note_on_c, 1, 51, 64
3, 50340, Note_on_c, 1, 51, 0
3, 50340, Note_on_c, 1, 54, 64
3, 50400, Note_on_c, 1, 54, 0
3, 50400, Note_on_c, 1, 53, 64
3, 50460, Note_on_c, 1, 53, 0
3, 50460, Note_on_c, 1, 56, 64
3, 50520, Note_on_c, 1, 56, 0
3, 50520, Note_on_c, 1, 58, 64
3, 50580, Note_on_c, 1, 58, 0
3, 50580, Note_on_c, 1, 60, 64
3, 50640, Note_on_c, 1, 60, 0
3, 50640, Note_on_c, 1, 61, 64
3, 50700, Note_on_c, 1, 61, 0
3, 50700, Note_on_c, 1, 60, 64
3, 50760, Note_on_c, 1, 60, 0
3, 50760, Note_on_c, 1, 58, 64
3, 50820, Note_on_c, 1, 58, 0
3, 50820, Note_on_c, 1, 56, 64
3, 50880, Note_on_c, 1, 56, 0
3, 50880, Note_on_c, 1, 55, 64
3, 50940, Note_on_c, 1, 55, 0
3, 50940, Note_on_c, 1, 56, 64
3, 51000, Note_on_c, 1, 56, 0
3, 51000, Note_on_c, 1, 58, 64
3, 51060, Note_on_c, 1, 58, 0
3, 51060, Note_on_c, 1, 55, 64
3, 51120, Note_on_c, 1, 55, 0
3, 51120, Note_on_c, 1, 51, 64
3, 51410, Note_on_c, 1, 51, 0
3, 51420, Note_on_c, 1, 51, 64
3, 51480, Note_on_c, 1, 53, 64
3, 51483, Note_on_c, 1, 51, 0
3, 51540, Note_on_c, 1, 53, 0
3, 51540, Note_on_c, 1, 54, 64
3, 51600, Note_on_c, 1, 54, 0
3, 51600, Note_on_c, 1, 56, 64
3, 51660, Note_on_c, 1, 56, 0
3, 51660, Note_on_c, 1, 58, 64
3, 51720, Note_on_c, 1, 58, 0
3, 51720, Note_on_c, 1, 60, 64
3, 51780, Note_on_c, 1, 60, 0
3, 51780, Note_on_c, 1, 56, 64
3, 51840, Note_on_c, 1, 56, 0
3, 51840, Note_on_c, 1, 61, 64
3, 51950, Note_on_c, 1, 61, 0
3, 51960, Note_on_c, 1, 61, 64
3, 51960, Note_on_c, 1, 68, 64
3, 52070, Note_on_c, 1, 68, 0
3, 52070, Note_on_c, 1, 61, 0
3, 52080, Note_on_c, 1, 66, 64
3, 52080, Note_on_c, 1, 70, 64
3, 52190, Note_on_c, 1, 70, 0
3, 52190, Note_on_c, 1, 66, 0
3, 52200, Note_on_c, 1, 68, 64
3, 52200, Note_on_c, 1, 66, 64
3, 52310, Note_on_c, 1, 66, 0
3, 52310, Note_on_c, 1, 68, 0
3, 52320, Note_on_c, 1, 61, 64
3, 52320, Note_on_c, 1, 68, 64
3, 52320, Note_on_c, 1, 65, 64
3, 52800, Note_on_c, 1, 65, 0
3, 52800, Note_on_c, 1, 68, 0
3, 52800, Note_on_c, 1, 61, 0
3, 52800, End_track
4, 0, Start_track
4, 0, MIDI_port, 0
4, 0, Title_t, "LH L"
4, 0, Program_c, 2, 6
4, 4200, Note_on_c, 2, 56, 64
4, 4320, Note_on_c, 2, 56, 0
4, 4320, Note_on_c, 2, 58, 64
4, 4380, Note_on_c, 2, 58, 0
4, 4380, Note_on_c, 2, 56, 64
4, 4440, Note_on_c, 2, 56, 0
4, 4440, Note_on_c, 2, 54, 64
4, 4500, Note_on_c, 2, 54, 0
4, 4500, Note_on_c, 2, 56, 64
4, 4560, Note_on_c, 2, 56, 0
4, 4560, Note_on_c, 2, 65, 64
4, 4680, Note_on_c, 2, 65, 0
4, 4680, Note_on_c, 2, 61, 64
4, 4800, Note_on_c, 2, 61, 0
4, 4800, Note_on_c, 2, 56, 64
4, 4920, Note_on_c, 2, 56, 0
4, 4920, Note_on_c, 2, 54, 64
4, 4980, Note_on_c, 2, 54, 0
4, 4980, Note_on_c, 2, 53, 64
4, 5040, Note_on_c, 2, 53, 0
4, 5040, Note_on_c, 2, 54, 64
4, 5160, Note_on_c, 2, 54, 0
4, 5160, Note_on_c, 2, 63, 64
4, 5280, Note_on_c, 2, 63, 0
4, 5280, Note_on_c, 2, 53, 64
4, 5400, Note_on_c, 2, 53, 0
4, 5400, Note_on_c, 2, 61, 64
4, 5520, Note_on_c, 2, 61, 0
4, 5520, Note_on_c, 2, 51, 64
4, 5640, Note_on_c, 2, 51, 0
4, 5640, Note_on_c, 2, 60, 64
4, 5760, Note_on_c, 2, 60, 0
4, 5760, Note_on_c, 2, 49, 64
4, 5880, Note_on_c, 2, 49, 0
4, 5880, Note_on_c, 2, 61, 64
4, 5940, Note_on_c, 2, 61, 0
4, 5940, Note_on_c, 2, 60, 64
4, 6000, Note_on_c, 2, 60, 0
4, 6000, Note_on_c, 2, 61, 64
4, 6060, Note_on_c, 2, 61, 0
4, 6060, Note_on_c, 2, 63, 64
4, 6120, Note_on_c, 2, 63, 0
4, 6120, Note_on_c, 2, 65, 64
4, 6180, Note_on_c, 2, 65, 0
4, 6180, Note_on_c, 2, 61, 64
4, 6240, Note_on_c, 2, 61, 0
4, 6240, Note_on_c, 2, 58, 64
4, 6300, Note_on_c, 2, 58, 0
4, 6300, Note_on_c, 2, 60, 64
4, 6360, Note_on_c, 2, 60, 0
4, 6360, Note_on_c, 2, 61, 64
4, 6420, Note_on_c, 2, 61, 0
4, 6420, Note_on_c, 2, 58, 64
4, 6480, Note_on_c, 2, 58, 0
4, 6480, Note_on_c, 2, 55, 64
4, 6540, Note_on_c, 2, 55, 0
4, 6540, Note_on_c, 2, 56, 64
4, 6600, Note_on_c, 2, 56, 0
4, 6600, Note_on_c, 2, 58, 64
4, 6660, Note_on_c, 2, 58, 0
4, 6660, Note_on_c, 2, 55, 64
4, 6720, Note_on_c, 2, 55, 0
4, 6720, Note_on_c, 2, 48, 64
4, 6840, Note_on_c, 2, 48, 0
4, 6840, Note_on_c, 2, 60, 64
4, 6900, Note_on_c, 2, 60, 0
4, 6900, Note_on_c, 2, 58, 64
4, 6960, Note_on_c, 2, 58, 0
4, 6960, Note_on_c, 2, 60, 64
4, 7020, Note_on_c, 2, 60, 0
4, 7020, Note_on_c, 2, 61, 64
4, 7080, Note_on_c, 2, 61, 0
4, 7080, Note_on_c, 2, 63, 64
4, 7140, Note_on_c, 2, 63, 0
4, 7140, Note_on_c, 2, 60, 64
4, 7200, Note_on_c, 2, 60, 0
4, 7200, Note_on_c, 2, 56, 64
4, 7260, Note_on_c, 2, 56, 0
4, 7260, Note_on_c, 2, 58, 64
4, 7320, Note_on_c, 2, 58, 0
4, 7320, Note_on_c, 2, 60, 64
4, 7380, Note_on_c, 2, 60, 0
4, 7380, Note_on_c, 2, 56, 64
4, 7440, Note_on_c, 2, 56, 0
4, 7440, Note_on_c, 2, 53, 64
4, 7500, Note_on_c, 2, 53, 0
4, 7500, Note_on_c, 2, 55, 64
4, 7560, Note_on_c, 2, 55, 0
4, 7560, Note_on_c, 2, 56, 64
4, 7620, Note_on_c, 2, 56, 0
4, 7620, Note_on_c, 2, 53, 64
4, 7680, Note_on_c, 2, 53, 0
4, 7680, Note_on_c, 2, 46, 64
4, 7800, Note_on_c, 2, 46, 0
4, 7800, Note_on_c, 2, 58, 64
4, 7860, Note_on_c, 2, 58, 0
4, 7860, Note_on_c, 2, 56, 64
4, 7920, Note_on_c, 2, 56, 0
4, 7920, Note_on_c, 2, 58, 64
4, 7980, Note_on_c, 2, 58, 0
4, 7980, Note_on_c, 2, 60, 64
4, 8040, Note_on_c, 2, 60, 0
4, 8040, Note_on_c, 2, 61, 64
4, 8100, Note_on_c, 2, 61, 0
4, 8100, Note_on_c, 2, 58, 64
4, 8160, Note_on_c, 2, 58, 0
4, 8160, Note_on_c, 2, 55, 64
4, 8220, Note_on_c, 2, 55, 0
4, 8220, Note_on_c, 2, 56, 64
4, 8280, Note_on_c, 2, 56, 0
4, 8280, Note_on_c, 2, 58, 64
4, 8340, Note_on_c, 2, 58, 0
4, 8340, Note_on_c, 2, 55, 64
4, 8400, Note_on_c, 2, 55, 0
4, 8400, Note_on_c, 2, 51, 64
4, 8460, Note_on_c, 2, 51, 0
4, 8460, Note_on_c, 2, 53, 64
4, 8520, Note_on_c, 2, 53, 0
4, 8520, Note_on_c, 2, 55, 64
4, 8580, Note_on_c, 2, 55, 0
4, 8580, Note_on_c, 2, 51, 64
4, 8640, Note_on_c, 2, 51, 0
4, 8640, Note_on_c, 2, 44, 64
4, 8760, Note_on_c, 2, 44, 0
4, 8760, Note_on_c, 2, 56, 64
4, 8820, Note_on_c, 2, 56, 0
4, 8820, Note_on_c, 2, 58, 64
4, 8880, Note_on_c, 2, 58, 0
4, 8880, Note_on_c, 2, 60, 64
4, 9000, Note_on_c, 2, 60, 0
4, 9000, Note_on_c, 2, 56, 64
4, 9120, Note_on_c, 2, 56, 0
4, 9120, Note_on_c, 2, 61, 64
4, 9360, Note_on_c, 2, 61, 0
4, 9360, Note_on_c, 2, 60, 64
4, 9600, Note_on_c, 2, 60, 0
4, 9600, Note_on_c, 2, 58, 64
4, 9720, Note_on_c, 2, 58, 0
4, 9720, Note_on_c, 2, 56, 64
4, 9840, Note_on_c, 2, 56, 0
4, 9840, Note_on_c, 2, 55, 64
4, 10080, Note_on_c, 2, 55, 0
4, 10080, Note_on_c, 2, 56, 64
4, 10320, Note_on_c, 2, 56, 0
4, 10320, Note_on_c, 2, 51, 64
4, 10560, Note_on_c, 2, 51, 0
4, 10560, Note_on_c, 2, 56, 64
4, 10800, Note_on_c, 2, 56, 0
4, 10920, Note_on_c, 2, 63, 64
4, 10980, Note_on_c, 2, 63, 0
4, 10980, Note_on_c, 2, 60, 64
4, 11040, Note_on_c, 2, 60, 0
4, 11040, Note_on_c, 2, 56, 64
4, 11280, Note_on_c, 2, 56, 0
4, 11400, Note_on_c, 2, 56, 64
4, 11460, Note_on_c, 2, 56, 0
4, 11460, Note_on_c, 2, 53, 64
4, 11520, Note_on_c, 2, 53, 0
4, 11520, Note_on_c, 2, 50, 64
4, 11760, Note_on_c, 2, 50, 0
4, 11880, Note_on_c, 2, 53, 64
4, 12000, Note_on_c, 2, 53, 0
4, 12000, Note_on_c, 2, 54, 64
4, 12120, Note_on_c, 2, 54, 0
4, 12120, Note_on_c, 2, 56, 64
4, 12240, Note_on_c, 2, 56, 0
4, 12240, Note_on_c, 2, 58, 64
4, 12360, Note_on_c, 2, 58, 0
4, 12360, Note_on_c, 2, 46, 64
4, 12480, Note_on_c, 2, 46, 0
4, 12480, Note_on_c, 2, 39, 64
4, 12720, Note_on_c, 2, 39, 0
4, 12840, Note_on_c, 2, 51, 64
4, 12960, Note_on_c, 2, 51, 0
4, 12960, Note_on_c, 2, 54, 64
4, 13020, Note_on_c, 2, 54, 0
4, 13020, Note_on_c, 2, 53, 64
4, 13080, Note_on_c, 2, 53, 0
4, 13080, Note_on_c, 2, 51, 64
4, 13140, Note_on_c, 2, 51, 0
4, 13140, Note_on_c, 2, 53, 64
4, 13200, Note_on_c, 2, 53, 0
4, 13200, Note_on_c, 2, 61, 64
4, 13320, Note_on_c, 2, 61, 0
4, 13320, Note_on_c, 2, 58, 64
4, 13440, Note_on_c, 2, 58, 0
4, 13440, Note_on_c, 2, 53, 64
4, 13560, Note_on_c, 2, 53, 0
4, 13560, Note_on_c, 2, 51, 64
4, 13620, Note_on_c, 2, 51, 0
4, 13620, Note_on_c, 2, 49, 64
4, 13680, Note_on_c, 2, 49, 0
4, 13680, Note_on_c, 2, 51, 64
4, 13800, Note_on_c, 2, 51, 0
4, 13800, Note_on_c, 2, 60, 64
4, 13920, Note_on_c, 2, 60, 0
4, 13920, Note_on_c, 2, 49, 64
4, 14040, Note_on_c, 2, 49, 0
4, 14040, Note_on_c, 2, 58, 64
4, 14160, Note_on_c, 2, 58, 0
4, 14160, Note_on_c, 2, 48, 64
4, 14280, Note_on_c, 2, 48, 0
4, 14280, Note_on_c, 2, 57, 64
4, 14400, Note_on_c, 2, 57, 0
4, 14400, Note_on_c, 2, 46, 64
4, 14520, Note_on_c, 2, 46, 0
4, 14520, Note_on_c, 2, 58, 64
4, 14580, Note_on_c, 2, 58, 0
4, 14580, Note_on_c, 2, 57, 64
4, 14640, Note_on_c, 2, 57, 0
4, 14640, Note_on_c, 2, 58, 64
4, 14700, Note_on_c, 2, 58, 0
4, 14700, Note_on_c, 2, 60, 64
4, 14760, Note_on_c, 2, 60, 0
4, 14760, Note_on_c, 2, 61, 64
4, 14820, Note_on_c, 2, 61, 0
4, 14820, Note_on_c, 2, 58, 64
4, 14880, Note_on_c, 2, 58, 0
4, 14880, Note_on_c, 2, 55, 64
4, 14940, Note_on_c, 2, 55, 0
4, 14940, Note_on_c, 2, 56, 64
4, 15000, Note_on_c, 2, 56, 0
4, 15000, Note_on_c, 2, 58, 64
4, 15060, Note_on_c, 2, 58, 0
4, 15060, Note_on_c, 2, 55, 64
4, 15120, Note_on_c, 2, 55, 0
4, 15120, Note_on_c, 2, 51, 64
4, 15180, Note_on_c, 2, 51, 0
4, 15180, Note_on_c, 2, 53, 64
4, 15240, Note_on_c, 2, 53, 0
4, 15240, Note_on_c, 2, 55, 64
4, 15300, Note_on_c, 2, 55, 0
4, 15300, Note_on_c, 2, 51, 64
4, 15360, Note_on_c, 2, 51, 0
4, 15360, Note_on_c, 2, 44, 64
4, 15480, Note_on_c, 2, 44, 0
4, 15480, Note_on_c, 2, 56, 64
4, 15540, Note_on_c, 2, 56, 0
4, 15540, Note_on_c, 2, 55, 64
4, 15600, Note_on_c, 2, 55, 0
4, 15600, Note_on_c, 2, 56, 64
4, 15660, Note_on_c, 2, 56, 0
4, 15660, Note_on_c, 2, 58, 64
4, 15720, Note_on_c, 2, 58, 0
4, 15720, Note_on_c, 2, 60, 64
4, 15780, Note_on_c, 2, 60, 0
4, 15780, Note_on_c, 2, 56, 64
4, 15840, Note_on_c, 2, 56, 0
4, 15840, Note_on_c, 2, 53, 64
4, 15900, Note_on_c, 2, 53, 0
4, 15900, Note_on_c, 2, 55, 64
4, 15960, Note_on_c, 2, 55, 0
4, 15960, Note_on_c, 2, 56, 64
4, 16020, Note_on_c, 2, 56, 0
4, 16020, Note_on_c, 2, 53, 64
4, 16080, Note_on_c, 2, 53, 0
4, 16080, Note_on_c, 2, 49, 64
4, 16140, Note_on_c, 2, 49, 0
4, 16140, Note_on_c, 2, 51, 64
4, 16200, Note_on_c, 2, 51, 0
4, 16200, Note_on_c, 2, 53, 64
4, 16260, Note_on_c, 2, 53, 0
4, 16260, Note_on_c, 2, 49, 64
4, 16320, Note_on_c, 2, 49, 0
4, 16320, Note_on_c, 2, 43, 64
4, 16440, Note_on_c, 2, 43, 0
4, 16440, Note_on_c, 2, 55, 64
4, 16500, Note_on_c, 2, 55, 0
4, 16500, Note_on_c, 2, 53, 64
4, 16560, Note_on_c, 2, 53, 0
4, 16560, Note_on_c, 2, 55, 64
4, 16620, Note_on_c, 2, 55, 0
4, 16620, Note_on_c, 2, 56, 64
4, 16680, Note_on_c, 2, 56, 0
4, 16680, Note_on_c, 2, 58, 64
4, 16740, Note_on_c, 2, 58, 0
4, 16740, Note_on_c, 2, 55, 64
4, 16800, Note_on_c, 2, 55, 0
4, 16800, Note_on_c, 2, 52, 64
4, 16860, Note_on_c, 2, 52, 0
4, 16860, Note_on_c, 2, 53, 64
4, 16920, Note_on_c, 2, 53, 0
4, 16920, Note_on_c, 2, 55, 64
4, 16980, Note_on_c, 2, 55, 0
4, 16980, Note_on_c, 2, 52, 64
4, 17040, Note_on_c, 2, 52, 0
4, 17040, Note_on_c, 2, 48, 64
4, 17100, Note_on_c, 2, 48, 0
4, 17100, Note_on_c, 2, 50, 64
4, 17160, Note_on_c, 2, 50, 0
4, 17160, Note_on_c, 2, 52, 64
4, 17220, Note_on_c, 2, 52, 0
4, 17220, Note_on_c, 2, 48, 64
4, 17280, Note_on_c, 2, 48, 0
4, 17280, Note_on_c, 2, 41, 64
4, 17340, Note_on_c, 2, 41, 0
4, 17340, Note_on_c, 2, 43, 64
4, 17400, Note_on_c, 2, 43, 0
4, 17400, Note_on_c, 2, 44, 64
4, 17460, Note_on_c, 2, 44, 0
4, 17460, Note_on_c, 2, 46, 64
4, 17520, Note_on_c, 2, 46, 0
4, 17520, Note_on_c, 2, 48, 64
4, 17580, Note_on_c, 2, 48, 0
4, 17580, Note_on_c, 2, 50, 64
4, 17640, Note_on_c, 2, 50, 0
4, 17640, Note_on_c, 2, 52, 64
4, 17700, Note_on_c, 2, 52, 0
4, 17700, Note_on_c, 2, 48, 64
4, 17760, Note_on_c, 2, 48, 0
4, 17760, Note_on_c, 2, 53, 64
4, 17820, Note_on_c, 2, 53, 0
4, 17820, Note_on_c, 2, 51, 64
4, 17880, Note_on_c, 2, 51, 0
4, 17880, Note_on_c, 2, 49, 64
4, 17940, Note_on_c, 2, 49, 0
4, 17940, Note_on_c, 2, 51, 64
4, 18000, Note_on_c, 2, 51, 0
4, 18000, Note_on_c, 2, 53, 64
4, 18060, Note_on_c, 2, 53, 0
4, 18060, Note_on_c, 2, 51, 64
4, 18120, Note_on_c, 2, 51, 0
4, 18120, Note_on_c, 2, 49, 64
4, 18180, Note_on_c, 2, 49, 0
4, 18180, Note_on_c, 2, 48, 64
4, 18240, Note_on_c, 2, 48, 0
4, 18240, Note_on_c, 2, 49, 64
4, 18540, Note_on_c, 2, 49, 0
4, 18540, Note_on_c, 2, 48, 64
4, 18600, Note_on_c, 2, 48, 0
4, 18600, Note_on_c, 2, 46, 64
4, 18660, Note_on_c, 2, 46, 0
4, 18660, Note_on_c, 2, 49, 64
4, 18720, Note_on_c, 2, 49, 0
4, 18720, Note_on_c, 2, 48, 64
4, 18780, Note_on_c, 2, 48, 0
4, 18780, Note_on_c, 2, 46, 64
4, 18840, Note_on_c, 2, 46, 0
4, 18840, Note_on_c, 2, 44, 64
4, 18900, Note_on_c, 2, 44, 0
4, 18900, Note_on_c, 2, 48, 64
4, 18960, Note_on_c, 2, 48, 0
4, 18960, Note_on_c, 2, 46, 64
4, 19020, Note_on_c, 2, 46, 0
4, 19020, Note_on_c, 2, 44, 64
4, 19080, Note_on_c, 2, 44, 0
4, 19080, Note_on_c, 2, 46, 64
4, 19140, Note_on_c, 2, 46, 0
4, 19140, Note_on_c, 2, 43, 64
4, 19200, Note_on_c, 2, 43, 0
4, 19200, Note_on_c, 2, 44, 64
4, 19320, Note_on_c, 2, 44, 0
4, 19320, Note_on_c, 2, 49, 64
4, 19440, Note_on_c, 2, 49, 0
4, 19440, Note_on_c, 2, 43, 64
4, 19560, Note_on_c, 2, 43, 0
4, 19560, Note_on_c, 2, 48, 64
4, 19680, Note_on_c, 2, 48, 0
4, 19680, Note_on_c, 2, 41, 64
4, 19800, Note_on_c, 2, 41, 0
4, 19800, Note_on_c, 2, 46, 64
4, 19920, Note_on_c, 2, 46, 0
4, 19920, Note_on_c, 2, 44, 64
4, 20040, Note_on_c, 2, 44, 0
4, 20040, Note_on_c, 2, 49, 64
4, 20160, Note_on_c, 2, 49, 0
4, 20160, Note_on_c, 2, 48, 64
4, 20640, Note_on_c, 2, 48, 0
4, 20640, Note_on_c, 2, 53, 64
4, 20880, Note_on_c, 2, 53, 0
4, 22380, Note_on_c, 2, 44, 64
4, 22440, Note_on_c, 2, 44, 0
4, 22440, Note_on_c, 2, 46, 64
4, 22500, Note_on_c, 2, 46, 0
4, 22500, Note_on_c, 2, 48, 64
4, 22560, Note_on_c, 2, 48, 0
4, 22560, Note_on_c, 2, 49, 64
4, 22860, Note_on_c, 2, 49, 0
4, 22860, Note_on_c, 2, 51, 64
4, 22920, Note_on_c, 2, 51, 0
4, 22920, Note_on_c, 2, 53, 64
4, 22980, Note_on_c, 2, 53, 0
4, 22980, Note_on_c, 2, 55, 64
4, 23040, Note_on_c, 2, 55, 0
4, 23040, Note_on_c, 2, 56, 64
4, 23100, Note_on_c, 2, 56, 0
4, 23100, Note_on_c, 2, 55, 64
4, 23160, Note_on_c, 2, 55, 0
4, 23160, Note_on_c, 2, 53, 64
4, 23220, Note_on_c, 2, 53, 0
4, 23220, Note_on_c, 2, 55, 64
4, 23280, Note_on_c, 2, 55, 0
4, 23280, Note_on_c, 2, 56, 64
4, 23340, Note_on_c, 2, 56, 0
4, 23340, Note_on_c, 2, 55, 64
4, 23400, Note_on_c, 2, 55, 0
4, 23400, Note_on_c, 2, 53, 64
4, 23460, Note_on_c, 2, 53, 0
4, 23460, Note_on_c, 2, 51, 64
4, 23520, Note_on_c, 2, 51, 0
4, 23520, Note_on_c, 2, 53, 64
4, 23820, Note_on_c, 2, 53, 0
4, 23820, Note_on_c, 2, 51, 64
4, 23880, Note_on_c, 2, 51, 0
4, 23880, Note_on_c, 2, 49, 64
4, 23940, Note_on_c, 2, 49, 0
4, 23940, Note_on_c, 2, 53, 64
4, 24000, Note_on_c, 2, 53, 0
4, 24000, Note_on_c, 2, 51, 64
4, 24060, Note_on_c, 2, 51, 0
4, 24060, Note_on_c, 2, 49, 64
4, 24120, Note_on_c, 2, 49, 0
4, 24120, Note_on_c, 2, 48, 64
4, 24180, Note_on_c, 2, 48, 0
4, 24180, Note_on_c, 2, 51, 64
4, 24240, Note_on_c, 2, 51, 0
4, 24240, Note_on_c, 2, 49, 64
4, 24300, Note_on_c, 2, 49, 0
4, 24300, Note_on_c, 2, 48, 64
4, 24360, Note_on_c, 2, 48, 0
4, 24360, Note_on_c, 2, 46, 64
4, 24420, Note_on_c, 2, 46, 0
4, 24420, Note_on_c, 2, 49, 64
4, 24480, Note_on_c, 2, 49, 0
4, 24480, Note_on_c, 2, 48, 64
4, 24600, Note_on_c, 2, 48, 0
4, 24600, Note_on_c, 2, 51, 64
4, 24720, Note_on_c, 2, 51, 0
4, 24720, Note_on_c, 2, 54, 64
4, 25200, Note_on_c, 2, 54, 0
4, 25200, Note_on_c, 2, 53, 64
4, 25680, Note_on_c, 2, 53, 0
4, 25680, Note_on_c, 2, 51, 64
4, 26040, Note_on_c, 2, 51, 0
4, 26040, Note_on_c, 2, 49, 64
4, 26160, Note_on_c, 2, 49, 0
4, 26160, Note_on_c, 2, 51, 64
4, 26280, Note_on_c, 2, 51, 0
4, 26280, Note_on_c, 2, 44, 64
4, 26400, Note_on_c, 2, 44, 0
4, 26400, Note_on_c, 2, 49, 64
4, 26460, Note_on_c, 2, 49, 0
4, 26460, Note_on_c, 2, 51, 64
4, 26520, Note_on_c, 2, 51, 0
4, 26520, Note_on_c, 2, 53, 64
4, 26580, Note_on_c, 2, 53, 0
4, 26580, Note_on_c, 2, 54, 64
4, 26640, Note_on_c, 2, 54, 0
4, 26640, Note_on_c, 2, 53, 64
4, 26700, Note_on_c, 2, 53, 0
4, 26700, Note_on_c, 2, 51, 64
4, 26760, Note_on_c, 2, 51, 0
4, 26760, Note_on_c, 2, 49, 64
4, 26820, Note_on_c, 2, 49, 0
4, 26820, Note_on_c, 2, 53, 64
4, 26880, Note_on_c, 2, 53, 0
4, 26880, Note_on_c, 2, 58, 64
4, 26940, Note_on_c, 2, 58, 0
4, 26940, Note_on_c, 2, 56, 64
4, 27000, Note_on_c, 2, 56, 0
4, 27000, Note_on_c, 2, 55, 64
4, 27060, Note_on_c, 2, 55, 0
4, 27060, Note_on_c, 2, 58, 64
4, 27120, Note_on_c, 2, 58, 0
4, 27120, Note_on_c, 2, 61, 64
4, 27180, Note_on_c, 2, 61, 0
4, 27180, Note_on_c, 2, 59, 64
4, 27240, Note_on_c, 2, 59, 0
4, 27240, Note_on_c, 2, 58, 64
4, 27300, Note_on_c, 2, 58, 0
4, 27300, Note_on_c, 2, 61, 64
4, 27360, Note_on_c, 2, 61, 0
4, 27360, Note_on_c, 2, 64, 64
4, 27480, Note_on_c, 2, 64, 0
4, 27480, Note_on_c, 2, 63, 64
4, 27540, Note_on_c, 2, 63, 0
4, 27540, Note_on_c, 2, 61, 64
4, 27600, Note_on_c, 2, 61, 0
4, 27600, Note_on_c, 2, 59, 64
4, 27660, Note_on_c, 2, 59, 0
4, 27660, Note_on_c, 2, 58, 64
4, 27720, Note_on_c, 2, 58, 0
4, 27720, Note_on_c, 2, 56, 64
4, 27780, Note_on_c, 2, 56, 0
4, 27780, Note_on_c, 2, 55, 64
4, 27840, Note_on_c, 2, 55, 0
4, 27840, Note_on_c, 2, 56, 64
4, 27900, Note_on_c, 2, 56, 0
4, 27900, Note_on_c, 2, 59, 64
4, 27960, Note_on_c, 2, 59, 0
4, 27960, Note_on_c, 2, 58, 64
4, 28020, Note_on_c, 2, 58, 0
4, 28020, Note_on_c, 2, 56, 64
4, 28080, Note_on_c, 2, 56, 0
4, 28080, Note_on_c, 2, 55, 64
4, 28140, Note_on_c, 2, 55, 0
4, 28140, Note_on_c, 2, 53, 64
4, 28200, Note_on_c, 2, 53, 0
4, 28200, Note_on_c, 2, 51, 64
4, 28260, Note_on_c, 2, 51, 0
4, 28260, Note_on_c, 2, 49, 64
4, 28320, Note_on_c, 2, 49, 0
4, 28320, Note_on_c, 2, 47, 64
4, 28380, Note_on_c, 2, 47, 0
4, 28380, Note_on_c, 2, 49, 64
4, 28440, Note_on_c, 2, 49, 0
4, 28440, Note_on_c, 2, 51, 64
4, 28500, Note_on_c, 2, 51, 0
4, 28500, Note_on_c, 2, 47, 64
4, 28560, Note_on_c, 2, 47, 0
4, 28560, Note_on_c, 2, 44, 64
4, 28680, Note_on_c, 2, 44, 0
4, 28680, Note_on_c, 2, 56, 64
4, 28740, Note_on_c, 2, 56, 0
4, 28740, Note_on_c, 2, 53, 64
4, 28800, Note_on_c, 2, 53, 0
4, 28800, Note_on_c, 2, 49, 64
4, 28920, Note_on_c, 2, 49, 0
4, 29160, Note_on_c, 2, 49, 64
4, 29220, Note_on_c, 2, 49, 0
4, 29220, Note_on_c, 2, 46, 64
4, 29280, Note_on_c, 2, 46, 0
4, 29280, Note_on_c, 2, 42, 64
4, 29400, Note_on_c, 2, 42, 0
4, 29640, Note_on_c, 2, 54, 64
4, 29700, Note_on_c, 2, 54, 0
4, 29700, Note_on_c, 2, 51, 64
4, 29760, Note_on_c, 2, 51, 0
4, 29760, Note_on_c, 2, 48, 64
4, 29880, Note_on_c, 2, 48, 0
4, 30120, Note_on_c, 2, 48, 64
4, 30180, Note_on_c, 2, 48, 0
4, 30180, Note_on_c, 2, 44, 64
4, 30240, Note_on_c, 2, 44, 0
4, 30240, Note_on_c, 2, 41, 64
4, 30360, Note_on_c, 2, 41, 0
4, 30600, Note_on_c, 2, 53, 64
4, 30660, Note_on_c, 2, 53, 0
4, 30660, Note_on_c, 2, 50, 64
4, 30720, Note_on_c, 2, 50, 0
4, 30720, Note_on_c, 2, 46, 64
4, 30840, Note_on_c, 2, 46, 0
4, 31080, Note_on_c, 2, 46, 64
4, 31140, Note_on_c, 2, 46, 0
4, 31140, Note_on_c, 2, 42, 64
4, 31200, Note_on_c, 2, 42, 0
4, 31200, Note_on_c, 2, 39, 64
4, 31320, Note_on_c, 2, 39, 0
4, 31560, Note_on_c, 2, 51, 64
4, 31620, Note_on_c, 2, 51, 0
4, 31620, Note_on_c, 2, 48, 64
4, 31680, Note_on_c, 2, 48, 0
4, 31680, Note_on_c, 2, 44, 64
4, 31800, Note_on_c, 2, 44, 0
4, 32040, Note_on_c, 2, 44, 64
4, 32100, Note_on_c, 2, 44, 0
4, 32100, Note_on_c, 2, 41, 64
4, 32160, Note_on_c, 2, 41, 0
4, 32160, Note_on_c, 2, 37, 64
4, 32280, Note_on_c, 2, 37, 0
4, 32760, Note_on_c, 2, 59, 64
4, 32820, Note_on_c, 2, 59, 0
4, 32820, Note_on_c, 2, 49, 64
4, 32880, Note_on_c, 2, 49, 0
4, 32880, Note_on_c, 2, 58, 64
4, 32940, Note_on_c, 2, 58, 0
4, 32940, Note_on_c, 2, 49, 64
4, 33000, Note_on_c, 2, 49, 0
4, 33000, Note_on_c, 2, 56, 64
4, 33060, Note_on_c, 2, 56, 0
4, 33060, Note_on_c, 2, 49, 64
4, 33120, Note_on_c, 2, 49, 0
4, 33120, Note_on_c, 2, 54, 64
4, 33180, Note_on_c, 2, 54, 0
4, 33180, Note_on_c, 2, 49, 64
4, 33240, Note_on_c, 2, 49, 0
4, 33240, Note_on_c, 2, 53, 64
4, 33300, Note_on_c, 2, 53, 0
4, 33300, Note_on_c, 2, 51, 64
4, 33360, Note_on_c, 2, 51, 0
4, 33360, Note_on_c, 2, 53, 64
4, 33480, Note_on_c, 2, 53, 0
4, 33480, Note_on_c, 2, 44, 64
4, 33600, Note_on_c, 2, 44, 0
4, 33720, Note_on_c, 2, 58, 64
4, 33780, Note_on_c, 2, 58, 0
4, 33780, Note_on_c, 2, 49, 64
4, 33840, Note_on_c, 2, 49, 0
4, 33840, Note_on_c, 2, 56, 64
4, 33900, Note_on_c, 2, 56, 0
4, 33900, Note_on_c, 2, 49, 64
4, 33960, Note_on_c, 2, 49, 0
4, 33960, Note_on_c, 2, 54, 64
4, 34020, Note_on_c, 2, 54, 0
4, 34020, Note_on_c, 2, 49, 64
4, 34080, Note_on_c, 2, 49, 0
4, 34080, Note_on_c, 2, 53, 64
4, 34140, Note_on_c, 2, 53, 0
4, 34140, Note_on_c, 2, 49, 64
4, 34200, Note_on_c, 2, 49, 0
4, 34200, Note_on_c, 2, 51, 64
4, 34260, Note_on_c, 2, 51, 0
4, 34260, Note_on_c, 2, 49, 64
4, 34320, Note_on_c, 2, 49, 0
4, 34320, Note_on_c, 2, 51, 64
4, 34440, Note_on_c, 2, 51, 0
4, 34440, Note_on_c, 2, 44, 64
4, 34560, Note_on_c, 2, 44, 0
4, 34680, Note_on_c, 2, 56, 64
4, 34740, Note_on_c, 2, 56, 0
4, 34740, Note_on_c, 2, 44, 64
4, 34800, Note_on_c, 2, 44, 0
4, 34800, Note_on_c, 2, 54, 64
4, 34860, Note_on_c, 2, 54, 0
4, 34860, Note_on_c, 2, 44, 64
4, 34920, Note_on_c, 2, 44, 0
4, 34920, Note_on_c, 2, 53, 64
4, 34980, Note_on_c, 2, 53, 0
4, 34980, Note_on_c, 2, 44, 64
4, 35040, Note_on_c, 2, 44, 0
4, 35040, Note_on_c, 2, 51, 64
4, 35100, Note_on_c, 2, 51, 0
4, 35100, Note_on_c, 2, 44, 64
4, 35160, Note_on_c, 2, 44, 0
4, 35160, Note_on_c, 2, 49, 64
4, 35220, Note_on_c, 2, 49, 0
4, 35220, Note_on_c, 2, 48, 64
4, 35280, Note_on_c, 2, 48, 0
4, 35280, Note_on_c, 2, 49, 64
4, 35340, Note_on_c, 2, 49, 0
4, 35340, Note_on_c, 2, 44, 64
4, 35400, Note_on_c, 2, 44, 0
4, 35400, Note_on_c, 2, 53, 64
4, 35460, Note_on_c, 2, 53, 0
4, 35460, Note_on_c, 2, 51, 64
4, 35520, Note_on_c, 2, 51, 0
4, 35520, Note_on_c, 2, 53, 64
4, 35580, Note_on_c, 2, 53, 0
4, 35580, Note_on_c, 2, 44, 64
4, 35640, Note_on_c, 2, 44, 0
4, 35640, Note_on_c, 2, 56, 64
4, 35700, Note_on_c, 2, 56, 0
4, 35700, Note_on_c, 2, 54, 64
4, 35760, Note_on_c, 2, 54, 0
4, 35760, Note_on_c, 2, 56, 64
4, 35820, Note_on_c, 2, 56, 0
4, 35820, Note_on_c, 2, 44, 64
4, 35880, Note_on_c, 2, 44, 0
4, 35880, Note_on_c, 2, 58, 64
4, 35940, Note_on_c, 2, 58, 0
4, 35940, Note_on_c, 2, 44, 64
4, 36000, Note_on_c, 2, 44, 0
4, 36000, Note_on_c, 2, 60, 64
4, 36060, Note_on_c, 2, 60, 0
4, 36060, Note_on_c, 2, 61, 64
4, 36120, Note_on_c, 2, 61, 0
4, 36120, Note_on_c, 2, 63, 64
4, 36180, Note_on_c, 2, 63, 0
4, 36180, Note_on_c, 2, 60, 64
4, 36240, Note_on_c, 2, 60, 0
4, 36240, Note_on_c, 2, 56, 64
4, 36300, Note_on_c, 2, 56, 0
4, 36300, Note_on_c, 2, 60, 64
4, 36360, Note_on_c, 2, 60, 0
4, 36360, Note_on_c, 2, 63, 64
4, 36420, Note_on_c, 2, 63, 0
4, 36420, Note_on_c, 2, 65, 64
4, 36480, Note_on_c, 2, 65, 0
4, 36480, Note_on_c, 2, 66, 64
4, 36540, Note_on_c, 2, 66, 0
4, 36540, Note_on_c, 2, 65, 64
4, 36600, Note_on_c, 2, 65, 0
4, 36600, Note_on_c, 2, 63, 64
4, 36660, Note_on_c, 2, 63, 0
4, 36660, Note_on_c, 2, 65, 64
4, 36720, Note_on_c, 2, 65, 0
4, 36720, Note_on_c, 2, 73, 64
4, 36840, Note_on_c, 2, 73, 0
4, 36840, Note_on_c, 2, 68, 64
4, 36960, Note_on_c, 2, 68, 0
4, 36960, Note_on_c, 2, 65, 64
4, 37080, Note_on_c, 2, 65, 0
4, 37080, Note_on_c, 2, 63, 64
4, 37140, Note_on_c, 2, 63, 0
4, 37140, Note_on_c, 2, 61, 64
4, 37200, Note_on_c, 2, 61, 0
4, 37200, Note_on_c, 2, 63, 64
4, 37260, Note_on_c, 2, 63, 0
4, 37260, Note_on_c, 2, 56, 64
4, 37320, Note_on_c, 2, 56, 0
4, 37320, Note_on_c, 2, 60, 64
4, 37380, Note_on_c, 2, 60, 0
4, 37380, Note_on_c, 2, 63, 64
4, 37440, Note_on_c, 2, 63, 0
4, 37440, Note_on_c, 2, 65, 64
4, 37500, Note_on_c, 2, 65, 0
4, 37500, Note_on_c, 2, 63, 64
4, 37560, Note_on_c, 2, 63, 0
4, 37560, Note_on_c, 2, 61, 64
4, 37620, Note_on_c, 2, 61, 0
4, 37620, Note_on_c, 2, 63, 64
4, 37668, Note_on_c, 2, 63, 0
4, 37680, Note_on_c, 2, 72, 64
4, 37800, Note_on_c, 2, 72, 0
4, 37800, Note_on_c, 2, 68, 64
4, 37920, Note_on_c, 2, 68, 0
4, 37920, Note_on_c, 2, 63, 64
4, 38040, Note_on_c, 2, 63, 0
4, 38040, Note_on_c, 2, 61, 64
4, 38100, Note_on_c, 2, 61, 0
4, 38100, Note_on_c, 2, 60, 64
4, 38160, Note_on_c, 2, 60, 0
4, 38160, Note_on_c, 2, 61, 64
4, 38220, Note_on_c, 2, 61, 0
4, 38220, Note_on_c, 2, 56, 64
4, 38280, Note_on_c, 2, 56, 0
4, 38280, Note_on_c, 2, 60, 64
4, 38340, Note_on_c, 2, 60, 0
4, 38340, Note_on_c, 2, 61, 64
4, 38400, Note_on_c, 2, 61, 0
4, 38400, Note_on_c, 2, 63, 64
4, 38460, Note_on_c, 2, 63, 0
4, 38460, Note_on_c, 2, 61, 64
4, 38520, Note_on_c, 2, 61, 0
4, 38520, Note_on_c, 2, 60, 64
4, 38580, Note_on_c, 2, 60, 0
4, 38580, Note_on_c, 2, 61, 64
4, 38640, Note_on_c, 2, 61, 0
4, 38640, Note_on_c, 2, 70, 64
4, 38760, Note_on_c, 2, 70, 0
4, 38760, Note_on_c, 2, 67, 64
4, 38880, Note_on_c, 2, 67, 0
4, 38880, Note_on_c, 2, 61, 64
4, 39000, Note_on_c, 2, 61, 0
4, 39000, Note_on_c, 2, 60, 64
4, 39060, Note_on_c, 2, 60, 0
4, 39060, Note_on_c, 2, 58, 64
4, 39120, Note_on_c, 2, 58, 0
4, 39120, Note_on_c, 2, 60, 64
4, 39180, Note_on_c, 2, 60, 0
4, 39180, Note_on_c, 2, 56, 64
4, 39240, Note_on_c, 2, 56, 0
4, 39240, Note_on_c, 2, 58, 64
4, 39300, Note_on_c, 2, 58, 0
4, 39300, Note_on_c, 2, 60, 64
4, 39360, Note_on_c, 2, 60, 0
4, 39360, Note_on_c, 2, 61, 64
4, 39420, Note_on_c, 2, 61, 0
4, 39420, Note_on_c, 2, 63, 64
4, 39480, Note_on_c, 2, 63, 0
4, 39480, Note_on_c, 2, 65, 64
4, 39540, Note_on_c, 2, 65, 0
4, 39540, Note_on_c, 2, 63, 64
4, 39600, Note_on_c, 2, 63, 0
4, 39600, Note_on_c, 2, 66, 64
4, 39660, Note_on_c, 2, 66, 0
4, 39660, Note_on_c, 2, 65, 64
4, 39720, Note_on_c, 2, 65, 0
4, 39720, Note_on_c, 2, 63, 64
4, 39780, Note_on_c, 2, 63, 0
4, 39780, Note_on_c, 2, 61, 64
4, 39840, Note_on_c, 2, 61, 0
4, 39840, Note_on_c, 2, 66, 64
4, 39960, Note_on_c, 2, 66, 0
4, 39960, Note_on_c, 2, 58, 64
4, 40020, Note_on_c, 2, 58, 0
4, 40020, Note_on_c, 2, 60, 64
4, 40080, Note_on_c, 2, 60, 0
4, 40080, Note_on_c, 2, 61, 64
4, 40140, Note_on_c, 2, 61, 0
4, 40140, Note_on_c, 2, 60, 64
4, 40200, Note_on_c, 2, 60, 0
4, 40200, Note_on_c, 2, 58, 64
4, 40260, Note_on_c, 2, 58, 0
4, 40260, Note_on_c, 2, 56, 64
4, 40320, Note_on_c, 2, 56, 0
4, 40320, Note_on_c, 2, 58, 64
4, 40620, Note_on_c, 2, 58, 0
4, 40620, Note_on_c, 2, 56, 64
4, 40680, Note_on_c, 2, 56, 0
4, 40680, Note_on_c, 2, 54, 64
4, 40740, Note_on_c, 2, 54, 0
4, 40740, Note_on_c, 2, 58, 64
4, 40800, Note_on_c, 2, 58, 0
4, 40800, Note_on_c, 2, 56, 64
4, 40860, Note_on_c, 2, 56, 0
4, 40860, Note_on_c, 2, 54, 64
4, 40920, Note_on_c, 2, 54, 0
4, 40920, Note_on_c, 2, 53, 64
4, 40980, Note_on_c, 2, 53, 0
4, 40980, Note_on_c, 2, 56, 64
4, 41040, Note_on_c, 2, 56, 0
4, 41040, Note_on_c, 2, 54, 64
4, 41100, Note_on_c, 2, 54, 0
4, 41100, Note_on_c, 2, 53, 64
4, 41160, Note_on_c, 2, 53, 0
4, 41160, Note_on_c, 2, 54, 64
4, 41220, Note_on_c, 2, 54, 0
4, 41220, Note_on_c, 2, 51, 64
4, 41280, Note_on_c, 2, 51, 0
4, 41280, Note_on_c, 2, 53, 64
4, 41460, Note_on_c, 2, 53, 0
4, 41460, Note_on_c, 2, 56, 64
4, 41520, Note_on_c, 2, 56, 0
4, 41520, Note_on_c, 2, 58, 64
4, 41580, Note_on_c, 2, 58, 0
4, 41580, Note_on_c, 2, 60, 64
4, 41640, Note_on_c, 2, 61, 64
4, 41644, Note_on_c, 2, 60, 0
4, 42000, Note_on_c, 2, 61, 0
4, 42000, Note_on_c, 2, 60, 64
4, 42480, Note_on_c, 2, 60, 0
4, 42480, Note_on_c, 2, 58, 64
4, 42840, Note_on_c, 2, 58, 0
4, 42840, Note_on_c, 2, 56, 64
4, 42960, Note_on_c, 2, 56, 0
4, 42960, Note_on_c, 2, 58, 64
4, 43080, Note_on_c, 2, 58, 0
4, 43080, Note_on_c, 2, 51, 64
4, 43200, Note_on_c, 2, 51, 0
4, 43200, Note_on_c, 2, 56, 64
4, 43440, Note_on_c, 2, 56, 0
4, 43560, Note_on_c, 2, 56, 64
4, 43680, Note_on_c, 2, 56, 0
4, 43680, Note_on_c, 2, 58, 64
4, 43740, Note_on_c, 2, 58, 0
4, 43740, Note_on_c, 2, 56, 64
4, 43800, Note_on_c, 2, 56, 0
4, 43800, Note_on_c, 2, 54, 64
4, 43860, Note_on_c, 2, 54, 0
4, 43860, Note_on_c, 2, 56, 64
4, 43920, Note_on_c, 2, 56, 0
4, 43920, Note_on_c, 2, 65, 64
4, 44040, Note_on_c, 2, 65, 0
4, 44040, Note_on_c, 2, 61, 64
4, 44160, Note_on_c, 2, 61, 0
4, 44160, Note_on_c, 2, 56, 64
4, 44280, Note_on_c, 2, 56, 0
4, 44280, Note_on_c, 2, 54, 64
4, 44340, Note_on_c, 2, 54, 0
4, 44340, Note_on_c, 2, 53, 64
4, 44400, Note_on_c, 2, 54, 64
4, 44407, Note_on_c, 2, 53, 0
4, 44520, Note_on_c, 2, 54, 0
4, 44520, Note_on_c, 2, 63, 64
4, 44640, Note_on_c, 2, 63, 0
4, 44640, Note_on_c, 2, 53, 64
4, 44760, Note_on_c, 2, 53, 0
4, 44760, Note_on_c, 2, 61, 64
4, 44880, Note_on_c, 2, 61, 0
4, 44880, Note_on_c, 2, 51, 64
4, 45000, Note_on_c, 2, 51, 0
4, 45000, Note_on_c, 2, 60, 64
4, 45120, Note_on_c, 2, 60, 0
4, 45120, Note_on_c, 2, 49, 64
4, 45180, Note_on_c, 2, 49, 0
4, 45180, Note_on_c, 2, 44, 64
4, 45240, Note_on_c, 2, 44, 0
4, 45240, Note_on_c, 2, 49, 64
4, 45300, Note_on_c, 2, 49, 0
4, 45300, Note_on_c, 2, 51, 64
4, 45360, Note_on_c, 2, 51, 0
4, 45360, Note_on_c, 2, 53, 64
4, 45420, Note_on_c, 2, 53, 0
4, 45420, Note_on_c, 2, 54, 64
4, 45480, Note_on_c, 2, 54, 0
4, 45480, Note_on_c, 2, 56, 64
4, 45540, Note_on_c, 2, 56, 0
4, 45540, Note_on_c, 2, 53, 64
4, 45600, Note_on_c, 2, 53, 0
4, 45600, Note_on_c, 2, 54, 64
4, 45660, Note_on_c, 2, 54, 0
4, 45660, Note_on_c, 2, 42, 64
4, 45720, Note_on_c, 2, 42, 0
4, 45720, Note_on_c, 2, 54, 64
4, 45780, Note_on_c, 2, 54, 0
4, 45780, Note_on_c, 2, 53, 64
4, 45840, Note_on_c, 2, 53, 0
4, 45840, Note_on_c, 2, 54, 64
4, 45900, Note_on_c, 2, 54, 0
4, 45900, Note_on_c, 2, 56, 64
4, 45960, Note_on_c, 2, 56, 0
4, 45960, Note_on_c, 2, 58, 64
4, 46020, Note_on_c, 2, 58, 0
4, 46020, Note_on_c, 2, 54, 64
4, 46080, Note_on_c, 2, 54, 0
4, 46080, Note_on_c, 2, 51, 64
4, 46140, Note_on_c, 2, 51, 0
4, 46140, Note_on_c, 2, 53, 64
4, 46200, Note_on_c, 2, 53, 0
4, 46200, Note_on_c, 2, 54, 64
4, 46260, Note_on_c, 2, 54, 0
4, 46260, Note_on_c, 2, 51, 64
4, 46320, Note_on_c, 2, 51, 0
4, 46320, Note_on_c, 2, 48, 64
4, 46380, Note_on_c, 2, 48, 0
4, 46380, Note_on_c, 2, 49, 64
4, 46440, Note_on_c, 2, 49, 0
4, 46440, Note_on_c, 2, 51, 64
4, 46500, Note_on_c, 2, 51, 0
4, 46500, Note_on_c, 2, 48, 64
4, 46560, Note_on_c, 2, 48, 0
4, 46560, Note_on_c, 2, 41, 64
4, 46680, Note_on_c, 2, 41, 0
4, 46680, Note_on_c, 2, 53, 64
4, 46740, Note_on_c, 2, 53, 0
4, 46740, Note_on_c, 2, 51, 64
4, 46800, Note_on_c, 2, 51, 0
4, 46800, Note_on_c, 2, 53, 64
4, 46860, Note_on_c, 2, 53, 0
4, 46860, Note_on_c, 2, 54, 64
4, 46920, Note_on_c, 2, 54, 0
4, 46920, Note_on_c, 2, 56, 64
4, 46980, Note_on_c, 2, 56, 0
4, 46980, Note_on_c, 2, 53, 64
4, 47040, Note_on_c, 2, 53, 0
4, 47040, Note_on_c, 2, 50, 64
4, 47100, Note_on_c, 2, 50, 0
4, 47100, Note_on_c, 2, 51, 64
4, 47160, Note_on_c, 2, 51, 0
4, 47160, Note_on_c, 2, 53, 64
4, 47220, Note_on_c, 2, 53, 0
4, 47220, Note_on_c, 2, 50, 64
4, 47280, Note_on_c, 2, 50, 0
4, 47280, Note_on_c, 2, 46, 64
4, 47340, Note_on_c, 2, 46, 0
4, 47340, Note_on_c, 2, 48, 64
4, 47400, Note_on_c, 2, 48, 0
4, 47400, Note_on_c, 2, 50, 64
4, 47460, Note_on_c, 2, 50, 0
4, 47460, Note_on_c, 2, 46, 64
4, 47520, Note_on_c, 2, 46, 0
4, 47520, Note_on_c, 2, 39, 64
4, 47640, Note_on_c, 2, 39, 0
4, 47640, Note_on_c, 2, 51, 64
4, 47700, Note_on_c, 2, 51, 0
4, 47700, Note_on_c, 2, 50, 64
4, 47760, Note_on_c, 2, 50, 0
4, 47760, Note_on_c, 2, 51, 64
4, 47820, Note_on_c, 2, 51, 0
4, 47820, Note_on_c, 2, 53, 64
4, 47880, Note_on_c, 2, 53, 0
4, 47880, Note_on_c, 2, 54, 64
4, 47940, Note_on_c, 2, 54, 0
4, 47940, Note_on_c, 2, 51, 64
4, 48000, Note_on_c, 2, 51, 0
4, 48000, Note_on_c, 2, 48, 64
4, 48060, Note_on_c, 2, 48, 0
4, 48060, Note_on_c, 2, 49, 64
4, 48120, Note_on_c, 2, 49, 0
4, 48120, Note_on_c, 2, 51, 64
4, 48180, Note_on_c, 2, 51, 0
4, 48180, Note_on_c, 2, 48, 64
4, 48240, Note_on_c, 2, 48, 0
4, 48240, Note_on_c, 2, 44, 64
4, 48300, Note_on_c, 2, 44, 0
4, 48300, Note_on_c, 2, 46, 64
4, 48360, Note_on_c, 2, 46, 0
4, 48360, Note_on_c, 2, 48, 64
4, 48420, Note_on_c, 2, 48, 0
4, 48420, Note_on_c, 2, 44, 64
4, 48480, Note_on_c, 2, 44, 0
4, 48480, Note_on_c, 2, 37, 64
4, 48600, Note_on_c, 2, 37, 0
4, 48600, Note_on_c, 2, 49, 64
4, 48660, Note_on_c, 2, 49, 0
4, 48660, Note_on_c, 2, 51, 64
4, 48720, Note_on_c, 2, 51, 0
4, 48720, Note_on_c, 2, 53, 64
4, 48840, Note_on_c, 2, 53, 0
4, 48840, Note_on_c, 2, 49, 64
4, 48960, Note_on_c, 2, 49, 0
4, 48960, Note_on_c, 2, 54, 64
4, 49200, Note_on_c, 2, 54, 0
4, 49200, Note_on_c, 2, 53, 64
4, 49440, Note_on_c, 2, 53, 0
4, 49440, Note_on_c, 2, 51, 64
4, 49560, Note_on_c, 2, 51, 0
4, 49560, Note_on_c, 2, 49, 64
4, 49680, Note_on_c, 2, 49, 0
4, 49680, Note_on_c, 2, 48, 64
4, 49920, Note_on_c, 2, 48, 0
4, 49920, Note_on_c, 2, 49, 64
4, 50160, Note_on_c, 2, 49, 0
4, 50160, Note_on_c, 2, 44, 64
4, 50400, Note_on_c, 2, 44, 0
4, 50400, Note_on_c, 2, 46, 64
4, 50520, Note_on_c, 2, 46, 0
4, 51180, Note_on_c, 2, 49, 64
4, 51240, Note_on_c, 2, 49, 0
4, 51240, Note_on_c, 2, 48, 64
4, 51300, Note_on_c, 2, 48, 0
4, 51300, Note_on_c, 2, 46, 64
4, 51360, Note_on_c, 2, 46, 0
4, 51360, Note_on_c, 2, 44, 64
4, 51600, Note_on_c, 2, 44, 0
4, 51960, Note_on_c, 2, 41, 64
4, 52070, Note_on_c, 2, 41, 0
4, 52080, Note_on_c, 2, 42, 64
4, 52190, Note_on_c, 2, 42, 0
4, 52200, Note_on_c, 2, 44, 64
4, 52310, Note_on_c, 2, 44, 0
4, 52320, Note_on_c, 2, 37, 64
4, 52800, Note_on_c, 2, 37, 0
4, 52800, End_track
0, 0, End_of_file
